Source,Total Questions,Correct Answers,Incorrect Answers,Accuracy
pymatgen/entries/compatibility.py/CompatibilityError,5,5,0,100.00%
pymatgen/entries/compatibility.py/Correction,5,3,2,60.00%
pymatgen/entries/compatibility.py/get_correction,5,5,0,100.00%
pymatgen/entries/compatibility.py/correct_entry,4,3,1,75.00%
pymatgen/entries/compatibility.py/PotcarCorrection,5,5,0,100.00%
pymatgen/entries/compatibility.py/__init__,5,5,0,100.00%
pymatgen/entries/compatibility.py/__str__,4,3,1,75.00%
pymatgen/entries/compatibility.py/get_correction,10,7,3,70.00%
pymatgen/entries/compatibility.py/GasCorrection,5,3,2,60.00%
pymatgen/entries/compatibility.py/__init__,10,10,0,100.00%
pymatgen/entries/compatibility.py/__str__,9,7,2,77.78%
pymatgen/entries/compatibility.py/get_correction,15,9,6,60.00%
pymatgen/entries/compatibility.py/AnionCorrection,5,3,2,60.00%
pymatgen/entries/compatibility.py/__init__,15,15,0,100.00%
pymatgen/entries/compatibility.py/__str__,12,9,3,75.00%
pymatgen/entries/compatibility.py/get_correction,20,10,10,50.00%
pymatgen/entries/compatibility.py/AqueousCorrection,5,5,0,100.00%
pymatgen/entries/compatibility.py/__init__,20,19,1,95.00%
pymatgen/entries/compatibility.py/__str__,17,12,5,70.59%
pymatgen/entries/compatibility.py/get_correction,25,15,10,60.00%
pymatgen/entries/compatibility.py/UCorrection,5,2,3,40.00%
pymatgen/entries/compatibility.py/__init__,25,23,2,92.00%
pymatgen/entries/compatibility.py/__str__,22,16,6,72.73%
pymatgen/entries/compatibility.py/get_correction,30,18,12,60.00%
pymatgen/entries/compatibility.py/Compatibility,5,4,1,80.00%
pymatgen/entries/compatibility.py/get_adjustments,5,5,0,100.00%
pymatgen/entries/compatibility.py/process_entry,5,4,1,80.00%
pymatgen/entries/compatibility.py/_process_entry_inplace,5,5,0,100.00%
pymatgen/entries/compatibility.py/process_entries,5,5,0,100.00%
pymatgen/entries/compatibility.py/explain,5,4,1,80.00%
pymatgen/entries/compatibility.py/CorrectionsList,5,4,1,80.00%
pymatgen/entries/compatibility.py/__init__,30,27,3,90.00%
pymatgen/entries/compatibility.py/get_adjustments,10,10,0,100.00%
pymatgen/entries/compatibility.py/get_corrections_dict,5,3,2,60.00%
pymatgen/entries/compatibility.py/get_explanation_dict,5,4,1,80.00%
pymatgen/entries/compatibility.py/explain,9,7,2,77.78%
pymatgen/entries/compatibility.py/MaterialsProjectCompatibility,5,5,0,100.00%
pymatgen/entries/compatibility.py/__init__,35,31,4,88.57%
pymatgen/entries/compatibility.py/MaterialsProject2020Compatibility,5,5,0,100.00%
pymatgen/entries/compatibility.py/__init__,40,35,5,87.50%
pymatgen/entries/compatibility.py/get_adjustments,15,15,0,100.00%
pymatgen/entries/compatibility.py/MITCompatibility,5,5,0,100.00%
pymatgen/entries/compatibility.py/__init__,45,40,5,88.89%
pymatgen/entries/compatibility.py/MITAqueousCompatibility,5,2,3,40.00%
pymatgen/entries/compatibility.py/__init__,50,45,5,90.00%
pymatgen/entries/compatibility.py/MaterialsProjectAqueousCompatibility,5,5,0,100.00%
pymatgen/entries/compatibility.py/__init__,55,49,6,89.09%
pymatgen/entries/compatibility.py/get_adjustments,20,17,3,85.00%
pymatgen/entries/compatibility.py/process_entries,10,10,0,100.00%
pymatgen/entries/compatibility.py/needs_u_correction,5,2,3,40.00%
pymatgen/entries/mixing_scheme.py/MaterialsProjectDFTMixingScheme,5,5,0,100.00%
pymatgen/entries/mixing_scheme.py/__init__,5,4,1,80.00%
pymatgen/entries/mixing_scheme.py/process_entries,5,3,2,60.00%
pymatgen/entries/mixing_scheme.py/get_adjustments,5,3,2,60.00%
pymatgen/entries/mixing_scheme.py/get_mixing_state_data,5,3,2,60.00%
pymatgen/entries/mixing_scheme.py/_get_sg,4,4,0,100.00%
pymatgen/entries/mixing_scheme.py/_filter_and_sort_entries,5,4,1,80.00%
pymatgen/entries/mixing_scheme.py/_populate_df_row,5,5,0,100.00%
pymatgen/entries/mixing_scheme.py/display_entries,5,4,1,80.00%
pymatgen/entries/computed_entries.py/EnergyAdjustment,5,4,1,80.00%
pymatgen/entries/computed_entries.py/__init__,5,3,2,60.00%
pymatgen/entries/computed_entries.py/value,5,5,0,100.00%
pymatgen/entries/computed_entries.py/uncertainty,5,5,0,100.00%
pymatgen/entries/computed_entries.py/normalize,5,4,1,80.00%
pymatgen/entries/computed_entries.py/explain,5,5,0,100.00%
pymatgen/entries/computed_entries.py/__repr__,4,3,1,75.00%
pymatgen/entries/computed_entries.py/ConstantEnergyAdjustment,5,4,1,80.00%
pymatgen/entries/computed_entries.py/__init__,10,6,4,60.00%
pymatgen/entries/computed_entries.py/explain,10,9,1,90.00%
pymatgen/entries/computed_entries.py/normalize,10,8,2,80.00%
pymatgen/entries/computed_entries.py/ManualEnergyAdjustment,5,4,1,80.00%
pymatgen/entries/computed_entries.py/__init__,15,10,5,66.67%
pymatgen/entries/computed_entries.py/CompositionEnergyAdjustment,5,4,1,80.00%
pymatgen/entries/computed_entries.py/__init__,20,13,7,65.00%
pymatgen/entries/computed_entries.py/value,9,9,0,100.00%
pymatgen/entries/computed_entries.py/uncertainty,9,7,2,77.78%
pymatgen/entries/computed_entries.py/explain,14,13,1,92.86%
pymatgen/entries/computed_entries.py/normalize,15,11,4,73.33%
pymatgen/entries/computed_entries.py/TemperatureEnergyAdjustment,5,3,2,60.00%
pymatgen/entries/computed_entries.py/__init__,24,15,9,62.50%
pymatgen/entries/computed_entries.py/value,13,12,1,92.31%
pymatgen/entries/computed_entries.py/uncertainty,14,12,2,85.71%
pymatgen/entries/computed_entries.py/explain,19,16,3,84.21%
pymatgen/entries/computed_entries.py/normalize,20,14,6,70.00%
pymatgen/entries/computed_entries.py/ComputedEntry,5,4,1,80.00%
pymatgen/entries/computed_entries.py/__init__,29,20,9,68.97%
pymatgen/entries/computed_entries.py/uncorrected_energy,5,3,2,60.00%
pymatgen/entries/computed_entries.py/energy,4,3,1,75.00%
pymatgen/entries/computed_entries.py/uncorrected_energy_per_atom,5,5,0,100.00%
pymatgen/entries/computed_entries.py/correction,5,4,1,80.00%
pymatgen/entries/computed_entries.py/correction,10,8,2,80.00%
pymatgen/entries/computed_entries.py/correction_per_atom,4,4,0,100.00%
pymatgen/entries/computed_entries.py/correction_uncertainty,5,3,2,60.00%
pymatgen/entries/computed_entries.py/correction_uncertainty_per_atom,5,5,0,100.00%
pymatgen/entries/computed_entries.py/normalize,25,19,6,76.00%
pymatgen/entries/computed_entries.py/__repr__,9,7,2,77.78%
pymatgen/entries/computed_entries.py/__eq__,5,4,1,80.00%
pymatgen/entries/computed_entries.py/from_dict,5,5,0,100.00%
pymatgen/entries/computed_entries.py/as_dict,5,5,0,100.00%
pymatgen/entries/computed_entries.py/__hash__,5,3,2,60.00%
pymatgen/entries/computed_entries.py/copy,5,3,2,60.00%
pymatgen/entries/computed_entries.py/ComputedStructureEntry,5,4,1,80.00%
pymatgen/entries/computed_entries.py/__init__,33,23,10,69.70%
pymatgen/entries/computed_entries.py/structure,5,4,1,80.00%
pymatgen/entries/computed_entries.py/as_dict,10,9,1,90.00%
pymatgen/entries/computed_entries.py/from_dict,10,10,0,100.00%
pymatgen/entries/computed_entries.py/normalize,30,23,7,76.67%
pymatgen/entries/computed_entries.py/copy,9,6,3,66.67%
pymatgen/entries/computed_entries.py/GibbsComputedStructureEntry,5,4,1,80.00%
pymatgen/entries/computed_entries.py/__init__,38,23,15,60.53%
pymatgen/entries/computed_entries.py/gf_sisso,5,3,2,60.00%
pymatgen/entries/computed_entries.py/_sum_g_i,5,5,0,100.00%
pymatgen/entries/computed_entries.py/_reduced_mass,5,4,1,80.00%
pymatgen/entries/computed_entries.py/_g_delta_sisso,5,5,0,100.00%
pymatgen/entries/computed_entries.py/from_pd,4,3,1,75.00%
pymatgen/entries/computed_entries.py/from_entries,5,3,2,60.00%
pymatgen/entries/computed_entries.py/as_dict,14,12,2,85.71%
pymatgen/entries/computed_entries.py/from_dict,15,13,2,86.67%
pymatgen/entries/computed_entries.py/__repr__,13,10,3,76.92%
pymatgen/entries/__init__.py/Entry,5,5,0,100.00%
pymatgen/entries/__init__.py/__init__,5,5,0,100.00%
pymatgen/entries/__init__.py/is_element,5,4,1,80.00%
pymatgen/entries/__init__.py/composition,5,5,0,100.00%
pymatgen/entries/__init__.py/formula,4,3,1,75.00%
pymatgen/entries/__init__.py/reduced_formula,4,4,0,100.00%
pymatgen/entries/__init__.py/energy,5,5,0,100.00%
pymatgen/entries/__init__.py/elements,4,4,0,100.00%
pymatgen/entries/__init__.py/energy_per_atom,5,5,0,100.00%
pymatgen/entries/__init__.py/__repr__,4,4,0,100.00%
pymatgen/entries/__init__.py/normalize,5,3,2,60.00%
pymatgen/entries/__init__.py/_normalization_factor,5,5,0,100.00%
pymatgen/entries/__init__.py/as_dict,5,5,0,100.00%
pymatgen/entries/__init__.py/__eq__,5,5,0,100.00%
pymatgen/entries/__init__.py/__hash__,5,5,0,100.00%
pymatgen/entries/correction_calculator.py/CorrectionCalculator,5,4,1,80.00%
pymatgen/entries/correction_calculator.py/__init__,5,5,0,100.00%
pymatgen/entries/correction_calculator.py/compute_from_files,5,5,0,100.00%
pymatgen/entries/correction_calculator.py/compute_corrections,5,3,2,60.00%
pymatgen/entries/correction_calculator.py/graph_residual_error,5,3,2,60.00%
pymatgen/entries/correction_calculator.py/graph_residual_error_per_species,5,5,0,100.00%
pymatgen/entries/correction_calculator.py/make_yaml,5,4,1,80.00%
pymatgen/entries/entry_tools.py/_get_host,5,5,0,100.00%
pymatgen/entries/entry_tools.py/_perform_grouping,5,4,1,80.00%
pymatgen/entries/entry_tools.py/group_entries_by_structure,5,4,1,80.00%
pymatgen/entries/entry_tools.py/group_entries_by_composition,5,4,1,80.00%
pymatgen/entries/entry_tools.py/EntrySet,5,4,1,80.00%
pymatgen/entries/entry_tools.py/__init__,5,4,1,80.00%
pymatgen/entries/entry_tools.py/__contains__,5,5,0,100.00%
pymatgen/entries/entry_tools.py/__iter__,5,5,0,100.00%
pymatgen/entries/entry_tools.py/__len__,4,4,0,100.00%
pymatgen/entries/entry_tools.py/add,5,5,0,100.00%
pymatgen/entries/entry_tools.py/discard,4,4,0,100.00%
pymatgen/entries/entry_tools.py/chemsys,4,3,1,75.00%
pymatgen/entries/entry_tools.py/ground_states,5,2,3,40.00%
pymatgen/entries/entry_tools.py/remove_non_ground_states,4,3,1,75.00%
pymatgen/entries/entry_tools.py/is_ground_state,5,4,1,80.00%
pymatgen/entries/entry_tools.py/get_subset_in_chemsys,5,3,2,60.00%
pymatgen/entries/entry_tools.py/as_dict,4,2,2,50.00%
pymatgen/entries/entry_tools.py/to_csv,5,4,1,80.00%
pymatgen/entries/entry_tools.py/from_csv,5,5,0,100.00%
pymatgen/entries/exp_entries.py/ExpEntry,5,5,0,100.00%
pymatgen/entries/exp_entries.py/__init__,5,4,1,80.00%
pymatgen/entries/exp_entries.py/__repr__,5,5,0,100.00%
pymatgen/entries/exp_entries.py/from_dict,5,4,1,80.00%
pymatgen/entries/exp_entries.py/as_dict,5,4,1,80.00%
pymatgen/core/xcfunc.py/XcFunc,5,5,0,100.00%
pymatgen/core/xcfunc.py/type_name,4,3,1,75.00%
pymatgen/core/xcfunc.py/__init__,5,3,2,60.00%
pymatgen/core/xcfunc.py/__repr__,5,5,0,100.00%
pymatgen/core/xcfunc.py/__hash__,5,5,0,100.00%
pymatgen/core/xcfunc.py/__eq__,5,5,0,100.00%
pymatgen/core/xcfunc.py/aliases,4,3,1,75.00%
pymatgen/core/xcfunc.py/asxc,5,5,0,100.00%
pymatgen/core/xcfunc.py/from_abinit_ixc,5,4,1,80.00%
pymatgen/core/xcfunc.py/from_name,5,5,0,100.00%
pymatgen/core/xcfunc.py/from_type_name,5,3,2,60.00%
pymatgen/core/xcfunc.py/as_dict,4,3,1,75.00%
pymatgen/core/xcfunc.py/from_dict,5,3,2,60.00%
pymatgen/core/xcfunc.py/type,5,3,2,60.00%
pymatgen/core/xcfunc.py/name,5,3,2,60.00%
pymatgen/core/periodic_table.py/ElementBase,5,5,0,100.00%
pymatgen/core/periodic_table.py/__init__,5,2,3,40.00%
pymatgen/core/periodic_table.py/__getattr__,5,4,1,80.00%
pymatgen/core/periodic_table.py/__eq__,5,4,1,80.00%
pymatgen/core/periodic_table.py/__hash__,5,4,1,80.00%
pymatgen/core/periodic_table.py/__repr__,5,5,0,100.00%
pymatgen/core/periodic_table.py/__str__,4,4,0,100.00%
pymatgen/core/periodic_table.py/__lt__,5,1,4,20.00%
pymatgen/core/periodic_table.py/__deepcopy__,5,5,0,100.00%
pymatgen/core/periodic_table.py/X,5,4,1,80.00%
pymatgen/core/periodic_table.py/atomic_radius,4,3,1,75.00%
pymatgen/core/periodic_table.py/atomic_mass,5,2,3,40.00%
pymatgen/core/periodic_table.py/atomic_mass_number,4,1,3,25.00%
pymatgen/core/periodic_table.py/atomic_orbitals_eV,5,5,0,100.00%
pymatgen/core/periodic_table.py/data,5,4,1,80.00%
pymatgen/core/periodic_table.py/ionization_energy,5,4,1,80.00%
pymatgen/core/periodic_table.py/electron_affinity,4,4,0,100.00%
pymatgen/core/periodic_table.py/electronic_structure,4,2,2,50.00%
pymatgen/core/periodic_table.py/average_ionic_radius,5,2,3,40.00%
pymatgen/core/periodic_table.py/average_cationic_radius,5,1,4,20.00%
pymatgen/core/periodic_table.py/average_anionic_radius,5,1,4,20.00%
pymatgen/core/periodic_table.py/ionic_radii,4,0,4,0.00%
pymatgen/core/periodic_table.py/number,5,4,1,80.00%
pymatgen/core/periodic_table.py/max_oxidation_state,4,3,1,75.00%
pymatgen/core/periodic_table.py/min_oxidation_state,5,5,0,100.00%
pymatgen/core/periodic_table.py/oxidation_states,5,1,4,20.00%
pymatgen/core/periodic_table.py/common_oxidation_states,5,2,3,40.00%
pymatgen/core/periodic_table.py/icsd_oxidation_states,5,2,3,40.00%
pymatgen/core/periodic_table.py/full_electronic_structure,4,2,2,50.00%
pymatgen/core/periodic_table.py/parse_orbital,5,3,2,60.00%
pymatgen/core/periodic_table.py/n_electrons,3,2,1,66.67%
pymatgen/core/periodic_table.py/valence,5,4,1,80.00%
pymatgen/core/periodic_table.py/term_symbols,5,5,0,100.00%
pymatgen/core/periodic_table.py/ground_state_term_symbol,5,4,1,80.00%
pymatgen/core/periodic_table.py/from_Z,5,5,0,100.00%
pymatgen/core/periodic_table.py/from_name,5,5,0,100.00%
pymatgen/core/periodic_table.py/from_row_and_group,5,4,1,80.00%
pymatgen/core/periodic_table.py/is_valid_symbol,5,5,0,100.00%
pymatgen/core/periodic_table.py/row,5,3,2,60.00%
pymatgen/core/periodic_table.py/group,5,4,1,80.00%
pymatgen/core/periodic_table.py/block,5,5,0,100.00%
pymatgen/core/periodic_table.py/is_noble_gas,4,4,0,100.00%
pymatgen/core/periodic_table.py/is_transition_metal,5,4,1,80.00%
pymatgen/core/periodic_table.py/is_post_transition_metal,5,5,0,100.00%
pymatgen/core/periodic_table.py/is_rare_earth,5,5,0,100.00%
pymatgen/core/periodic_table.py/is_rare_earth_metal,5,3,2,60.00%
pymatgen/core/periodic_table.py/is_metal,5,5,0,100.00%
pymatgen/core/periodic_table.py/is_metalloid,5,5,0,100.00%
pymatgen/core/periodic_table.py/is_alkali,5,3,2,60.00%
pymatgen/core/periodic_table.py/is_alkaline,4,3,1,75.00%
pymatgen/core/periodic_table.py/is_halogen,5,5,0,100.00%
pymatgen/core/periodic_table.py/is_chalcogen,5,5,0,100.00%
pymatgen/core/periodic_table.py/is_lanthanoid,5,4,1,80.00%
pymatgen/core/periodic_table.py/is_actinoid,5,4,1,80.00%
pymatgen/core/periodic_table.py/is_radioactive,5,4,1,80.00%
pymatgen/core/periodic_table.py/is_quadrupolar,4,4,0,100.00%
pymatgen/core/periodic_table.py/nmr_quadrupole_moment,4,2,2,50.00%
pymatgen/core/periodic_table.py/iupac_ordering,5,3,2,60.00%
pymatgen/core/periodic_table.py/as_dict,5,4,1,80.00%
pymatgen/core/periodic_table.py/from_dict,5,4,1,80.00%
pymatgen/core/periodic_table.py/print_periodic_table,5,5,0,100.00%
pymatgen/core/periodic_table.py/Element,5,3,2,60.00%
pymatgen/core/periodic_table.py/Species,5,3,2,60.00%
pymatgen/core/periodic_table.py/__init__,10,6,4,60.00%
pymatgen/core/periodic_table.py/__getattr__,10,8,2,80.00%
pymatgen/core/periodic_table.py/__getstate__,5,5,0,100.00%
pymatgen/core/periodic_table.py/__setstate__,5,5,0,100.00%
pymatgen/core/periodic_table.py/__eq__,10,9,1,90.00%
pymatgen/core/periodic_table.py/__hash__,10,7,3,70.00%
pymatgen/core/periodic_table.py/__lt__,10,2,8,20.00%
pymatgen/core/periodic_table.py/__repr__,9,7,2,77.78%
pymatgen/core/periodic_table.py/__str__,9,6,3,66.67%
pymatgen/core/periodic_table.py/__deepcopy__,10,8,2,80.00%
pymatgen/core/periodic_table.py/element,5,4,1,80.00%
pymatgen/core/periodic_table.py/oxi_state,5,4,1,80.00%
pymatgen/core/periodic_table.py/spin,5,5,0,100.00%
pymatgen/core/periodic_table.py/electronic_structure,9,6,3,66.67%
pymatgen/core/periodic_table.py/full_electronic_structure,9,5,4,55.56%
pymatgen/core/periodic_table.py/parse_orbital,10,7,3,70.00%
pymatgen/core/periodic_table.py/n_electrons,7,5,2,71.43%
pymatgen/core/periodic_table.py/valence,9,6,3,66.67%
pymatgen/core/periodic_table.py/ionic_radius,5,4,1,80.00%
pymatgen/core/periodic_table.py/from_str,5,3,2,60.00%
pymatgen/core/periodic_table.py/to_pretty_string,5,4,1,80.00%
pymatgen/core/periodic_table.py/get_nmr_quadrupole_moment,5,3,2,60.00%
pymatgen/core/periodic_table.py/get_shannon_radius,5,4,1,80.00%
pymatgen/core/periodic_table.py/get_crystal_field_spin,5,3,2,60.00%
pymatgen/core/periodic_table.py/as_dict,10,6,4,60.00%
pymatgen/core/periodic_table.py/from_dict,10,9,1,90.00%
pymatgen/core/periodic_table.py/DummySpecies,5,4,1,80.00%
pymatgen/core/periodic_table.py/__init__,15,10,5,66.67%
pymatgen/core/periodic_table.py/__getattr__,14,12,2,85.71%
pymatgen/core/periodic_table.py/__lt__,15,6,9,40.00%
pymatgen/core/periodic_table.py/__repr__,13,11,2,84.62%
pymatgen/core/periodic_table.py/__str__,14,9,5,64.29%
pymatgen/core/periodic_table.py/__deepcopy__,14,12,2,85.71%
pymatgen/core/periodic_table.py/Z,4,1,3,25.00%
pymatgen/core/periodic_table.py/A,5,4,1,80.00%
pymatgen/core/periodic_table.py/oxi_state,9,8,1,88.89%
pymatgen/core/periodic_table.py/X,10,5,5,50.00%
pymatgen/core/periodic_table.py/symbol,5,3,2,60.00%
pymatgen/core/periodic_table.py/from_str,10,7,3,70.00%
pymatgen/core/periodic_table.py/as_dict,14,10,4,71.43%
pymatgen/core/periodic_table.py/from_dict,14,12,2,85.71%
pymatgen/core/periodic_table.py/Specie,5,2,3,40.00%
pymatgen/core/periodic_table.py/DummySpecie,5,3,2,60.00%
pymatgen/core/periodic_table.py/get_el_sp,5,3,2,60.00%
pymatgen/core/periodic_table.py/get_el_sp,10,7,3,70.00%
pymatgen/core/periodic_table.py/get_el_sp,15,11,4,73.33%
pymatgen/core/periodic_table.py/ElementType,5,5,0,100.00%
pymatgen/core/units.py/UnitError,5,5,0,100.00%
pymatgen/core/units.py/Unit,5,3,2,60.00%
pymatgen/core/units.py/__init__,5,2,3,40.00%
pymatgen/core/units.py/check_mappings,4,3,1,75.00%
pymatgen/core/units.py/__mul__,5,5,0,100.00%
pymatgen/core/units.py/__truediv__,5,4,1,80.00%
pymatgen/core/units.py/__pow__,5,2,3,40.00%
pymatgen/core/units.py/__iter__,4,4,0,100.00%
pymatgen/core/units.py/__getitem__,5,4,1,80.00%
pymatgen/core/units.py/__len__,5,4,1,80.00%
pymatgen/core/units.py/__repr__,5,3,2,60.00%
pymatgen/core/units.py/as_base_units,5,5,0,100.00%
pymatgen/core/units.py/get_si_unit,5,4,1,80.00%
pymatgen/core/units.py/get_conversion_factor,5,4,1,80.00%
pymatgen/core/units.py/FloatWithUnit,5,4,1,80.00%
pymatgen/core/units.py/__init__,10,6,4,60.00%
pymatgen/core/units.py/__new__,5,5,0,100.00%
pymatgen/core/units.py/__str__,4,3,1,75.00%
pymatgen/core/units.py/__add__,5,4,1,80.00%
pymatgen/core/units.py/__sub__,5,3,2,60.00%
pymatgen/core/units.py/__mul__,10,7,3,70.00%
pymatgen/core/units.py/__rmul__,5,3,2,60.00%
pymatgen/core/units.py/__pow__,10,6,4,60.00%
pymatgen/core/units.py/__truediv__,10,7,3,70.00%
pymatgen/core/units.py/__neg__,5,5,0,100.00%
pymatgen/core/units.py/__getnewargs__,4,4,0,100.00%
pymatgen/core/units.py/__getstate__,5,3,2,60.00%
pymatgen/core/units.py/__setstate__,4,4,0,100.00%
pymatgen/core/units.py/unit_type,5,3,2,60.00%
pymatgen/core/units.py/unit,4,4,0,100.00%
pymatgen/core/units.py/from_str,5,3,2,60.00%
pymatgen/core/units.py/to,5,4,1,80.00%
pymatgen/core/units.py/as_base_units,9,9,0,100.00%
pymatgen/core/units.py/supported_units,5,2,3,40.00%
pymatgen/core/units.py/ArrayWithUnit,5,5,0,100.00%
pymatgen/core/units.py/__new__,10,10,0,100.00%
pymatgen/core/units.py/__array_finalize__,5,5,0,100.00%
pymatgen/core/units.py/__reduce__,5,5,0,100.00%
pymatgen/core/units.py/__setstate__,9,9,0,100.00%
pymatgen/core/units.py/__repr__,10,8,2,80.00%
pymatgen/core/units.py/__str__,8,5,3,62.50%
pymatgen/core/units.py/__add__,10,7,3,70.00%
pymatgen/core/units.py/__sub__,10,7,3,70.00%
pymatgen/core/units.py/__mul__,15,12,3,80.00%
pymatgen/core/units.py/__rmul__,10,7,3,70.00%
pymatgen/core/units.py/__truediv__,14,11,3,78.57%
pymatgen/core/units.py/__neg__,10,9,1,90.00%
pymatgen/core/units.py/unit_type,10,7,3,70.00%
pymatgen/core/units.py/unit,8,8,0,100.00%
pymatgen/core/units.py/to,10,8,2,80.00%
pymatgen/core/units.py/as_base_units,13,13,0,100.00%
pymatgen/core/units.py/supported_units,10,6,4,60.00%
pymatgen/core/units.py/conversions,5,2,3,40.00%
pymatgen/core/units.py/_my_partial,5,5,0,100.00%
pymatgen/core/units.py/obj_with_unit,5,4,1,80.00%
pymatgen/core/units.py/unitized,5,2,3,40.00%
pymatgen/core/units.py/wrap,5,4,1,80.00%
pymatgen/core/units.py/wrapped_f,5,4,1,80.00%
pymatgen/core/ion.py/Ion,5,3,2,60.00%
pymatgen/core/ion.py/__init__,5,2,3,40.00%
pymatgen/core/ion.py/__eq__,5,4,1,80.00%
pymatgen/core/ion.py/__add__,5,4,1,80.00%
pymatgen/core/ion.py/__sub__,5,4,1,80.00%
pymatgen/core/ion.py/__mul__,5,5,0,100.00%
pymatgen/core/ion.py/__hash__,4,3,1,75.00%
pymatgen/core/ion.py/__str__,5,5,0,100.00%
pymatgen/core/ion.py/__repr__,4,3,1,75.00%
pymatgen/core/ion.py/from_formula,5,2,3,40.00%
pymatgen/core/ion.py/formula,5,2,3,40.00%
pymatgen/core/ion.py/anonymized_formula,4,3,1,75.00%
pymatgen/core/ion.py/get_reduced_formula_and_factor,5,5,0,100.00%
pymatgen/core/ion.py/reduced_formula,5,2,3,40.00%
pymatgen/core/ion.py/alphabetical_formula,5,4,1,80.00%
pymatgen/core/ion.py/charge,5,3,2,60.00%
pymatgen/core/ion.py/as_dict,5,5,0,100.00%
pymatgen/core/ion.py/from_dict,5,3,2,60.00%
pymatgen/core/ion.py/to_reduced_dict,5,4,1,80.00%
pymatgen/core/ion.py/composition,5,5,0,100.00%
pymatgen/core/ion.py/oxi_state_guesses,5,4,1,80.00%
pymatgen/core/ion.py/to_pretty_string,5,4,1,80.00%
pymatgen/core/libxcfunc.py/LibxcFunc,5,5,0,100.00%
pymatgen/core/libxcfunc.py/__init__,4,4,0,100.00%
pymatgen/core/libxcfunc.py/__repr__,4,4,0,100.00%
pymatgen/core/libxcfunc.py/all_families,5,5,0,100.00%
pymatgen/core/libxcfunc.py/all_kinds,5,5,0,100.00%
pymatgen/core/libxcfunc.py/info_dict,5,5,0,100.00%
pymatgen/core/libxcfunc.py/is_x_kind,5,5,0,100.00%
pymatgen/core/libxcfunc.py/is_c_kind,5,5,0,100.00%
pymatgen/core/libxcfunc.py/is_k_kind,4,3,1,75.00%
pymatgen/core/libxcfunc.py/is_xc_kind,5,5,0,100.00%
pymatgen/core/libxcfunc.py/is_lda_family,5,5,0,100.00%
pymatgen/core/libxcfunc.py/is_gga_family,5,5,0,100.00%
pymatgen/core/libxcfunc.py/is_mgga_family,5,4,1,80.00%
pymatgen/core/libxcfunc.py/is_hyb_gga_family,4,3,1,75.00%
pymatgen/core/libxcfunc.py/is_hyb_mgga_family,5,5,0,100.00%
pymatgen/core/libxcfunc.py/as_dict,5,5,0,100.00%
pymatgen/core/libxcfunc.py/from_dict,4,4,0,100.00%
pymatgen/core/libxcfunc.py/to_json,5,5,0,100.00%
pymatgen/core/tensors.py/Tensor,5,5,0,100.00%
pymatgen/core/tensors.py/__new__,5,5,0,100.00%
pymatgen/core/tensors.py/__array_finalize__,5,5,0,100.00%
pymatgen/core/tensors.py/__array_wrap__,4,4,0,100.00%
pymatgen/core/tensors.py/__hash__,4,4,0,100.00%
pymatgen/core/tensors.py/__repr__,5,5,0,100.00%
pymatgen/core/tensors.py/zeroed,5,5,0,100.00%
pymatgen/core/tensors.py/transform,5,5,0,100.00%
pymatgen/core/tensors.py/rotate,5,4,1,80.00%
pymatgen/core/tensors.py/einsum_sequence,5,5,0,100.00%
pymatgen/core/tensors.py/project,5,3,2,60.00%
pymatgen/core/tensors.py/average_over_unit_sphere,5,5,0,100.00%
pymatgen/core/tensors.py/get_grouped_indices,5,4,1,80.00%
pymatgen/core/tensors.py/get_symbol_dict,5,5,0,100.00%
pymatgen/core/tensors.py/round,5,5,0,100.00%
pymatgen/core/tensors.py/symmetrized,5,5,0,100.00%
pymatgen/core/tensors.py/voigt_symmetrized,5,5,0,100.00%
pymatgen/core/tensors.py/is_symmetric,5,5,0,100.00%
pymatgen/core/tensors.py/fit_to_structure,4,4,0,100.00%
pymatgen/core/tensors.py/is_fit_to_structure,5,4,1,80.00%
pymatgen/core/tensors.py/voigt,4,2,2,50.00%
pymatgen/core/tensors.py/is_voigt_symmetric,5,4,1,80.00%
pymatgen/core/tensors.py/get_voigt_dict,5,5,0,100.00%
pymatgen/core/tensors.py/from_voigt,4,4,0,100.00%
pymatgen/core/tensors.py/get_ieee_rotation,5,4,1,80.00%
pymatgen/core/tensors.py/convert_to_ieee,5,4,1,80.00%
pymatgen/core/tensors.py/structure_transform,5,5,0,100.00%
pymatgen/core/tensors.py/from_values_indices,5,5,0,100.00%
pymatgen/core/tensors.py/populate,5,5,0,100.00%
pymatgen/core/tensors.py/merge,5,2,3,40.00%
pymatgen/core/tensors.py/as_dict,5,4,1,80.00%
pymatgen/core/tensors.py/from_dict,4,2,2,50.00%
pymatgen/core/tensors.py/TensorCollection,5,4,1,80.00%
pymatgen/core/tensors.py/__init__,5,5,0,100.00%
pymatgen/core/tensors.py/__len__,5,5,0,100.00%
pymatgen/core/tensors.py/__getitem__,5,5,0,100.00%
pymatgen/core/tensors.py/__iter__,5,5,0,100.00%
pymatgen/core/tensors.py/zeroed,10,10,0,100.00%
pymatgen/core/tensors.py/transform,10,9,1,90.00%
pymatgen/core/tensors.py/rotate,10,9,1,90.00%
pymatgen/core/tensors.py/symmetrized,10,8,2,80.00%
pymatgen/core/tensors.py/is_symmetric,10,10,0,100.00%
pymatgen/core/tensors.py/fit_to_structure,8,6,2,75.00%
pymatgen/core/tensors.py/is_fit_to_structure,10,9,1,90.00%
pymatgen/core/tensors.py/voigt,9,4,5,44.44%
pymatgen/core/tensors.py/ranks,5,5,0,100.00%
pymatgen/core/tensors.py/is_voigt_symmetric,10,8,2,80.00%
pymatgen/core/tensors.py/from_voigt,8,8,0,100.00%
pymatgen/core/tensors.py/convert_to_ieee,10,9,1,90.00%
pymatgen/core/tensors.py/round,9,9,0,100.00%
pymatgen/core/tensors.py/voigt_symmetrized,9,8,1,88.89%
pymatgen/core/tensors.py/as_dict,10,9,1,90.00%
pymatgen/core/tensors.py/from_dict,9,3,6,33.33%
pymatgen/core/tensors.py/SquareTensor,5,5,0,100.00%
pymatgen/core/tensors.py/__new__,9,9,0,100.00%
pymatgen/core/tensors.py/trans,4,4,0,100.00%
pymatgen/core/tensors.py/inv,5,4,1,80.00%
pymatgen/core/tensors.py/det,4,4,0,100.00%
pymatgen/core/tensors.py/is_rotation,5,5,0,100.00%
pymatgen/core/tensors.py/refine_rotation,5,5,0,100.00%
pymatgen/core/tensors.py/get_scaled,4,4,0,100.00%
pymatgen/core/tensors.py/principal_invariants,5,3,2,60.00%
pymatgen/core/tensors.py/polar_decomposition,5,4,1,80.00%
pymatgen/core/tensors.py/get_uvec,4,2,2,50.00%
pymatgen/core/tensors.py/symmetry_reduce,5,5,0,100.00%
pymatgen/core/tensors.py/TensorMapping,5,5,0,100.00%
pymatgen/core/tensors.py/__init__,10,8,2,80.00%
pymatgen/core/tensors.py/__getitem__,9,7,2,77.78%
pymatgen/core/tensors.py/__setitem__,4,4,0,100.00%
pymatgen/core/tensors.py/__delitem__,5,3,2,60.00%
pymatgen/core/tensors.py/__len__,10,10,0,100.00%
pymatgen/core/tensors.py/__iter__,10,9,1,90.00%
pymatgen/core/tensors.py/__contains__,5,5,0,100.00%
pymatgen/core/tensors.py/values,4,3,1,75.00%
pymatgen/core/tensors.py/items,5,5,0,100.00%
pymatgen/core/tensors.py/_get_item_index,5,5,0,100.00%
pymatgen/core/interface.py/GrainBoundary,5,4,1,80.00%
pymatgen/core/interface.py/__init__,5,4,1,80.00%
pymatgen/core/interface.py/__str__,5,4,1,80.00%
pymatgen/core/interface.py/to_str,5,4,1,80.00%
pymatgen/core/interface.py/copy,5,4,1,80.00%
pymatgen/core/interface.py/get_sorted_structure,5,3,2,60.00%
pymatgen/core/interface.py/sigma,5,4,1,80.00%
pymatgen/core/interface.py/sigma_from_site_prop,4,1,3,25.00%
pymatgen/core/interface.py/top_grain,5,3,2,60.00%
pymatgen/core/interface.py/bottom_grain,5,2,3,40.00%
pymatgen/core/interface.py/coincidents,4,3,1,75.00%
pymatgen/core/interface.py/as_dict,5,5,0,100.00%
pymatgen/core/interface.py/from_dict,5,5,0,100.00%
pymatgen/core/interface.py/GrainBoundaryGenerator,5,5,0,100.00%
pymatgen/core/interface.py/__init__,10,9,1,90.00%
pymatgen/core/interface.py/gb_from_parameters,5,3,2,60.00%
pymatgen/core/interface.py/get_ratio,5,2,3,40.00%
pymatgen/core/interface.py/get_trans_mat,5,3,2,60.00%
pymatgen/core/interface.py/enum_sigma_cubic,5,5,0,100.00%
pymatgen/core/interface.py/enum_sigma_hex,5,5,0,100.00%
pymatgen/core/interface.py/enum_sigma_rho,5,4,1,80.00%
pymatgen/core/interface.py/enum_sigma_tet,5,5,0,100.00%
pymatgen/core/interface.py/enum_sigma_ort,5,4,1,80.00%
pymatgen/core/interface.py/enum_possible_plane_cubic,5,4,1,80.00%
pymatgen/core/interface.py/get_rotation_angle_from_sigma,5,2,3,40.00%
pymatgen/core/interface.py/slab_from_csl,5,5,0,100.00%
pymatgen/core/interface.py/reduce_mat,5,3,2,60.00%
pymatgen/core/interface.py/vec_to_surface,5,5,0,100.00%
pymatgen/core/interface.py/fix_pbc,4,3,1,75.00%
pymatgen/core/interface.py/symm_group_cubic,4,2,2,50.00%
pymatgen/core/interface.py/Interface,5,5,0,100.00%
pymatgen/core/interface.py/__init__,15,14,1,93.33%
pymatgen/core/interface.py/in_plane_offset,5,3,2,60.00%
pymatgen/core/interface.py/in_plane_offset,10,8,2,80.00%
pymatgen/core/interface.py/gap,5,2,3,40.00%
pymatgen/core/interface.py/gap,10,6,4,60.00%
pymatgen/core/interface.py/vacuum_over_film,4,4,0,100.00%
pymatgen/core/interface.py/vacuum_over_film,9,9,0,100.00%
pymatgen/core/interface.py/substrate_indices,5,4,1,80.00%
pymatgen/core/interface.py/substrate_sites,5,3,2,60.00%
pymatgen/core/interface.py/substrate,5,4,1,80.00%
pymatgen/core/interface.py/film_indices,5,5,0,100.00%
pymatgen/core/interface.py/film_sites,5,4,1,80.00%
pymatgen/core/interface.py/film,5,4,1,80.00%
pymatgen/core/interface.py/copy,9,7,2,77.78%
pymatgen/core/interface.py/get_sorted_structure,10,7,3,70.00%
pymatgen/core/interface.py/get_shifts_based_on_adsorbate_sites,5,4,1,80.00%
pymatgen/core/interface.py/_base_round,5,2,3,40.00%
pymatgen/core/interface.py/film_termination,5,5,0,100.00%
pymatgen/core/interface.py/substrate_termination,4,4,0,100.00%
pymatgen/core/interface.py/film_layers,5,3,2,60.00%
pymatgen/core/interface.py/substrate_layers,5,4,1,80.00%
pymatgen/core/interface.py/_update_c,5,4,1,80.00%
pymatgen/core/interface.py/as_dict,10,9,1,90.00%
pymatgen/core/interface.py/from_dict,9,9,0,100.00%
pymatgen/core/interface.py/from_slabs,5,4,1,80.00%
pymatgen/core/interface.py/label_termination,5,3,2,60.00%
pymatgen/core/interface.py/count_layers,5,5,0,100.00%
pymatgen/core/__init__.py/_load_pmg_settings,5,2,3,40.00%
pymatgen/core/trajectory.py/Trajectory,5,5,0,100.00%
pymatgen/core/trajectory.py/__init__,5,3,2,60.00%
pymatgen/core/trajectory.py/__iter__,5,5,0,100.00%
pymatgen/core/trajectory.py/__len__,4,4,0,100.00%
pymatgen/core/trajectory.py/__getitem__,5,4,1,80.00%
pymatgen/core/trajectory.py/get_structure,5,4,1,80.00%
pymatgen/core/trajectory.py/get_molecule,5,4,1,80.00%
pymatgen/core/trajectory.py/to_positions,5,5,0,100.00%
pymatgen/core/trajectory.py/to_displacements,5,4,1,80.00%
pymatgen/core/trajectory.py/extend,5,4,1,80.00%
pymatgen/core/trajectory.py/write_Xdatcar,5,4,1,80.00%
pymatgen/core/trajectory.py/as_dict,5,5,0,100.00%
pymatgen/core/trajectory.py/from_structures,4,4,0,100.00%
pymatgen/core/trajectory.py/from_molecules,5,4,1,80.00%
pymatgen/core/trajectory.py/from_file,5,5,0,100.00%
pymatgen/core/trajectory.py/_combine_lattice,5,3,2,60.00%
pymatgen/core/trajectory.py/_combine_site_props,4,4,0,100.00%
pymatgen/core/trajectory.py/_combine_frame_props,5,3,2,60.00%
pymatgen/core/trajectory.py/_check_site_props,5,3,2,60.00%
pymatgen/core/trajectory.py/_check_frame_props,4,4,0,100.00%
pymatgen/core/trajectory.py/_get_site_props,5,5,0,100.00%
pymatgen/core/operations.py/SymmOp,5,5,0,100.00%
pymatgen/core/operations.py/__init__,5,5,0,100.00%
pymatgen/core/operations.py/__eq__,5,5,0,100.00%
pymatgen/core/operations.py/__hash__,5,3,2,60.00%
pymatgen/core/operations.py/__repr__,5,5,0,100.00%
pymatgen/core/operations.py/__str__,5,5,0,100.00%
pymatgen/core/operations.py/__mul__,5,5,0,100.00%
pymatgen/core/operations.py/from_rotation_and_translation,5,5,0,100.00%
pymatgen/core/operations.py/operate,5,5,0,100.00%
pymatgen/core/operations.py/operate_multi,5,5,0,100.00%
pymatgen/core/operations.py/apply_rotation_only,5,5,0,100.00%
pymatgen/core/operations.py/transform_tensor,5,4,1,80.00%
pymatgen/core/operations.py/are_symmetrically_related,5,5,0,100.00%
pymatgen/core/operations.py/are_symmetrically_related_vectors,5,4,1,80.00%
pymatgen/core/operations.py/rotation_matrix,5,5,0,100.00%
pymatgen/core/operations.py/translation_vector,5,3,2,60.00%
pymatgen/core/operations.py/inverse,5,5,0,100.00%
pymatgen/core/operations.py/from_axis_angle_and_translation,5,5,0,100.00%
pymatgen/core/operations.py/from_origin_axis_angle,5,4,1,80.00%
pymatgen/core/operations.py/reflection,5,5,0,100.00%
pymatgen/core/operations.py/inversion,4,3,1,75.00%
pymatgen/core/operations.py/rotoreflection,4,3,1,75.00%
pymatgen/core/operations.py/as_dict,4,4,0,100.00%
pymatgen/core/operations.py/as_xyz_str,5,4,1,80.00%
pymatgen/core/operations.py/from_xyz_str,5,4,1,80.00%
pymatgen/core/operations.py/from_dict,5,4,1,80.00%
pymatgen/core/operations.py/MagSymmOp,5,5,0,100.00%
pymatgen/core/operations.py/__init__,9,9,0,100.00%
pymatgen/core/operations.py/__eq__,9,9,0,100.00%
pymatgen/core/operations.py/__str__,9,9,0,100.00%
pymatgen/core/operations.py/__repr__,10,9,1,90.00%
pymatgen/core/operations.py/__hash__,10,8,2,80.00%
pymatgen/core/operations.py/operate_magmom,5,3,2,60.00%
pymatgen/core/operations.py/from_symmop,5,3,2,60.00%
pymatgen/core/operations.py/from_rotation_and_translation_and_time_reversal,5,3,2,60.00%
pymatgen/core/operations.py/from_xyzt_str,5,5,0,100.00%
pymatgen/core/operations.py/as_xyzt_str,5,4,1,80.00%
pymatgen/core/operations.py/as_dict,8,8,0,100.00%
pymatgen/core/operations.py/from_dict,10,9,1,90.00%
pymatgen/core/molecular_orbitals.py/MolecularOrbitals,5,1,4,20.00%
pymatgen/core/molecular_orbitals.py/__init__,5,4,1,80.00%
pymatgen/core/molecular_orbitals.py/max_electronegativity,4,2,2,50.00%
pymatgen/core/molecular_orbitals.py/aos_as_list,5,4,1,80.00%
pymatgen/core/molecular_orbitals.py/obtain_band_edges,5,5,0,100.00%
pymatgen/core/spectrum.py/lorentzian,5,5,0,100.00%
pymatgen/core/spectrum.py/Spectrum,5,5,0,100.00%
pymatgen/core/spectrum.py/__init__,5,5,0,100.00%
pymatgen/core/spectrum.py/__getattr__,5,3,2,60.00%
pymatgen/core/spectrum.py/__len__,5,4,1,80.00%
pymatgen/core/spectrum.py/__add__,5,5,0,100.00%
pymatgen/core/spectrum.py/__sub__,4,4,0,100.00%
pymatgen/core/spectrum.py/__mul__,5,4,1,80.00%
pymatgen/core/spectrum.py/__truediv__,5,4,1,80.00%
pymatgen/core/spectrum.py/__floordiv__,5,4,1,80.00%
pymatgen/core/spectrum.py/__str__,4,4,0,100.00%
pymatgen/core/spectrum.py/__repr__,5,5,0,100.00%
pymatgen/core/spectrum.py/normalize,5,2,3,40.00%
pymatgen/core/spectrum.py/smear,5,3,2,60.00%
pymatgen/core/spectrum.py/get_interpolated_value,4,3,1,75.00%
pymatgen/core/spectrum.py/copy,4,3,1,75.00%
pymatgen/core/bonds.py/_load_bond_length_data,5,5,0,100.00%
pymatgen/core/bonds.py/CovalentBond,5,5,0,100.00%
pymatgen/core/bonds.py/__init__,4,3,1,75.00%
pymatgen/core/bonds.py/__repr__,5,5,0,100.00%
pymatgen/core/bonds.py/length,5,3,2,60.00%
pymatgen/core/bonds.py/get_bond_order,5,5,0,100.00%
pymatgen/core/bonds.py/is_bonded,5,5,0,100.00%
pymatgen/core/bonds.py/obtain_all_bond_lengths,5,5,0,100.00%
pymatgen/core/bonds.py/get_bond_order,10,8,2,80.00%
pymatgen/core/bonds.py/get_bond_length,4,3,1,75.00%
pymatgen/core/sites.py/Site,5,4,1,80.00%
pymatgen/core/sites.py/__init__,5,5,0,100.00%
pymatgen/core/sites.py/__getattr__,5,5,0,100.00%
pymatgen/core/sites.py/__getitem__,5,3,2,60.00%
pymatgen/core/sites.py/__eq__,5,5,0,100.00%
pymatgen/core/sites.py/__hash__,5,3,2,60.00%
pymatgen/core/sites.py/__contains__,5,4,1,80.00%
pymatgen/core/sites.py/__repr__,4,4,0,100.00%
pymatgen/core/sites.py/__lt__,5,4,1,80.00%
pymatgen/core/sites.py/__str__,5,5,0,100.00%
pymatgen/core/sites.py/species,5,4,1,80.00%
pymatgen/core/sites.py/species,10,8,2,80.00%
pymatgen/core/sites.py/label,5,5,0,100.00%
pymatgen/core/sites.py/label,10,9,1,90.00%
pymatgen/core/sites.py/x,4,3,1,75.00%
pymatgen/core/sites.py/x,9,7,2,77.78%
pymatgen/core/sites.py/y,4,3,1,75.00%
pymatgen/core/sites.py/y,8,6,2,75.00%
pymatgen/core/sites.py/z,5,3,2,60.00%
pymatgen/core/sites.py/z,10,7,3,70.00%
pymatgen/core/sites.py/distance,5,5,0,100.00%
pymatgen/core/sites.py/distance_from_point,5,5,0,100.00%
pymatgen/core/sites.py/species_string,5,2,3,40.00%
pymatgen/core/sites.py/specie,4,3,1,75.00%
pymatgen/core/sites.py/is_ordered,5,3,2,60.00%
pymatgen/core/sites.py/as_dict,5,5,0,100.00%
pymatgen/core/sites.py/from_dict,5,5,0,100.00%
pymatgen/core/sites.py/PeriodicSite,5,5,0,100.00%
pymatgen/core/sites.py/__init__,10,10,0,100.00%
pymatgen/core/sites.py/__hash__,10,6,4,60.00%
pymatgen/core/sites.py/__eq__,10,10,0,100.00%
pymatgen/core/sites.py/__repr__,9,7,2,77.78%
pymatgen/core/sites.py/lattice,5,5,0,100.00%
pymatgen/core/sites.py/lattice,9,8,1,88.89%
pymatgen/core/sites.py/coords,5,3,2,60.00%
pymatgen/core/sites.py/coords,10,7,3,70.00%
pymatgen/core/sites.py/frac_coords,4,4,0,100.00%
pymatgen/core/sites.py/frac_coords,9,9,0,100.00%
pymatgen/core/sites.py/a,5,3,2,60.00%
pymatgen/core/sites.py/a,10,8,2,80.00%
pymatgen/core/sites.py/b,4,4,0,100.00%
pymatgen/core/sites.py/b,9,9,0,100.00%
pymatgen/core/sites.py/c,5,4,1,80.00%
pymatgen/core/sites.py/c,9,8,1,88.89%
pymatgen/core/sites.py/x,14,12,2,85.71%
pymatgen/core/sites.py/x,19,16,3,84.21%
pymatgen/core/sites.py/y,13,11,2,84.62%
pymatgen/core/sites.py/y,18,15,3,83.33%
pymatgen/core/sites.py/z,15,11,4,73.33%
pymatgen/core/sites.py/z,20,16,4,80.00%
pymatgen/core/sites.py/to_unit_cell,5,5,0,100.00%
pymatgen/core/sites.py/is_periodic_image,5,5,0,100.00%
pymatgen/core/sites.py/distance_and_image_from_frac_coords,4,4,0,100.00%
pymatgen/core/sites.py/distance_and_image,5,5,0,100.00%
pymatgen/core/sites.py/distance,10,10,0,100.00%
pymatgen/core/sites.py/as_dict,10,10,0,100.00%
pymatgen/core/sites.py/from_dict,10,10,0,100.00%
pymatgen/core/lattice.py/Lattice,5,5,0,100.00%
pymatgen/core/lattice.py/__init__,5,4,1,80.00%
pymatgen/core/lattice.py/__repr__,5,3,2,60.00%
pymatgen/core/lattice.py/__eq__,4,4,0,100.00%
pymatgen/core/lattice.py/__hash__,5,4,1,80.00%
pymatgen/core/lattice.py/__str__,5,5,0,100.00%
pymatgen/core/lattice.py/__format__,5,5,0,100.00%
pymatgen/core/lattice.py/lengths,5,4,1,80.00%
pymatgen/core/lattice.py/angles,5,5,0,100.00%
pymatgen/core/lattice.py/is_orthogonal,5,4,1,80.00%
pymatgen/core/lattice.py/matrix,5,4,1,80.00%
pymatgen/core/lattice.py/pbc,5,5,0,100.00%
pymatgen/core/lattice.py/pbc,10,9,1,90.00%
pymatgen/core/lattice.py/is_3d_periodic,5,5,0,100.00%
pymatgen/core/lattice.py/inv_matrix,5,5,0,100.00%
pymatgen/core/lattice.py/metric_tensor,4,4,0,100.00%
pymatgen/core/lattice.py/copy,5,4,1,80.00%
pymatgen/core/lattice.py/get_cartesian_coords,5,5,0,100.00%
pymatgen/core/lattice.py/get_fractional_coords,5,4,1,80.00%
pymatgen/core/lattice.py/get_vector_along_lattice_directions,5,3,2,60.00%
pymatgen/core/lattice.py/d_hkl,5,4,1,80.00%
pymatgen/core/lattice.py/cubic,4,4,0,100.00%
pymatgen/core/lattice.py/tetragonal,5,5,0,100.00%
pymatgen/core/lattice.py/orthorhombic,5,4,1,80.00%
pymatgen/core/lattice.py/monoclinic,5,3,2,60.00%
pymatgen/core/lattice.py/hexagonal,5,5,0,100.00%
pymatgen/core/lattice.py/rhombohedral,5,5,0,100.00%
pymatgen/core/lattice.py/from_parameters,5,5,0,100.00%
pymatgen/core/lattice.py/from_dict,5,5,0,100.00%
pymatgen/core/lattice.py/a,4,4,0,100.00%
pymatgen/core/lattice.py/b,5,3,2,60.00%
pymatgen/core/lattice.py/c,5,4,1,80.00%
pymatgen/core/lattice.py/abc,5,5,0,100.00%
pymatgen/core/lattice.py/alpha,5,3,2,60.00%
pymatgen/core/lattice.py/beta,5,3,2,60.00%
pymatgen/core/lattice.py/gamma,5,4,1,80.00%
pymatgen/core/lattice.py/volume,5,3,2,60.00%
pymatgen/core/lattice.py/parameters,4,3,1,75.00%
pymatgen/core/lattice.py/params_dict,5,4,1,80.00%
pymatgen/core/lattice.py/reciprocal_lattice,5,4,1,80.00%
pymatgen/core/lattice.py/reciprocal_lattice_crystallographic,5,4,1,80.00%
pymatgen/core/lattice.py/lll_matrix,5,4,1,80.00%
pymatgen/core/lattice.py/lll_mapping,5,3,2,60.00%
pymatgen/core/lattice.py/lll_inverse,5,5,0,100.00%
pymatgen/core/lattice.py/selling_vector,5,2,3,40.00%
pymatgen/core/lattice.py/selling_dist,5,5,0,100.00%
pymatgen/core/lattice.py/as_dict,5,4,1,80.00%
pymatgen/core/lattice.py/find_all_mappings,5,4,1,80.00%
pymatgen/core/lattice.py/get_angles,4,4,0,100.00%
pymatgen/core/lattice.py/find_mapping,5,4,1,80.00%
pymatgen/core/lattice.py/get_lll_reduced_lattice,4,4,0,100.00%
pymatgen/core/lattice.py/_calculate_lll,5,5,0,100.00%
pymatgen/core/lattice.py/get_lll_frac_coords,4,4,0,100.00%
pymatgen/core/lattice.py/get_frac_coords_from_lll,5,5,0,100.00%
pymatgen/core/lattice.py/get_niggli_reduced_lattice,5,5,0,100.00%
pymatgen/core/lattice.py/scale,5,3,2,60.00%
pymatgen/core/lattice.py/get_wigner_seitz_cell,5,5,0,100.00%
pymatgen/core/lattice.py/get_brillouin_zone,5,5,0,100.00%
pymatgen/core/lattice.py/dot,5,5,0,100.00%
pymatgen/core/lattice.py/norm,5,4,1,80.00%
pymatgen/core/lattice.py/get_points_in_sphere,5,4,1,80.00%
pymatgen/core/lattice.py/get_points_in_sphere_py,5,4,1,80.00%
pymatgen/core/lattice.py/get_points_in_sphere_old,5,3,2,60.00%
pymatgen/core/lattice.py/get_all_distances,5,5,0,100.00%
pymatgen/core/lattice.py/is_hexagonal,5,3,2,60.00%
pymatgen/core/lattice.py/get_distance_and_image,5,5,0,100.00%
pymatgen/core/lattice.py/get_miller_index_from_coords,5,5,0,100.00%
pymatgen/core/lattice.py/get_recp_symmetry_operation,5,5,0,100.00%
pymatgen/core/lattice.py/get_integer_index,5,3,2,60.00%
pymatgen/core/lattice.py/n_minus,5,3,2,60.00%
pymatgen/core/lattice.py/get_points_in_spheres,5,4,1,80.00%
pymatgen/core/lattice.py/_compute_cube_index,5,2,3,40.00%
pymatgen/core/lattice.py/_one_to_three,5,3,2,60.00%
pymatgen/core/lattice.py/_three_to_one,4,3,1,75.00%
pymatgen/core/lattice.py/find_neighbors,4,3,1,75.00%
pymatgen/core/structure.py/Neighbor,5,5,0,100.00%
pymatgen/core/structure.py/__init__,5,4,1,80.00%
pymatgen/core/structure.py/__len__,4,2,2,50.00%
pymatgen/core/structure.py/__getitem__,5,2,3,40.00%
pymatgen/core/structure.py/as_dict,4,4,0,100.00%
pymatgen/core/structure.py/from_dict,4,3,1,75.00%
pymatgen/core/structure.py/PeriodicNeighbor,5,4,1,80.00%
pymatgen/core/structure.py/__init__,9,6,3,66.67%
pymatgen/core/structure.py/__len__,8,3,5,37.50%
pymatgen/core/structure.py/__getitem__,10,5,5,50.00%
pymatgen/core/structure.py/coords,5,5,0,100.00%
pymatgen/core/structure.py/as_dict,8,8,0,100.00%
pymatgen/core/structure.py/from_dict,9,8,1,88.89%
pymatgen/core/structure.py/SiteCollection,5,5,0,100.00%
pymatgen/core/structure.py/__contains__,5,5,0,100.00%
pymatgen/core/structure.py/__iter__,5,5,0,100.00%
pymatgen/core/structure.py/__getitem__,15,10,5,66.67%
pymatgen/core/structure.py/__len__,13,8,5,61.54%
pymatgen/core/structure.py/__hash__,5,3,2,60.00%
pymatgen/core/structure.py/sites,5,4,1,80.00%
pymatgen/core/structure.py/sites,10,7,3,70.00%
pymatgen/core/structure.py/copy,5,5,0,100.00%
pymatgen/core/structure.py/get_distance,4,3,1,75.00%
pymatgen/core/structure.py/distance_matrix,5,5,0,100.00%
pymatgen/core/structure.py/species,5,4,1,80.00%
pymatgen/core/structure.py/species_and_occu,5,5,0,100.00%
pymatgen/core/structure.py/n_elems,5,3,2,60.00%
pymatgen/core/structure.py/ntypesp,5,4,1,80.00%
pymatgen/core/structure.py/types_of_species,5,5,0,100.00%
pymatgen/core/structure.py/types_of_specie,5,4,1,80.00%
pymatgen/core/structure.py/group_by_types,4,2,2,50.00%
pymatgen/core/structure.py/indices_from_symbol,5,3,2,60.00%
pymatgen/core/structure.py/symbol_set,5,2,3,40.00%
pymatgen/core/structure.py/atomic_numbers,5,5,0,100.00%
pymatgen/core/structure.py/site_properties,5,4,1,80.00%
pymatgen/core/structure.py/labels,5,4,1,80.00%
pymatgen/core/structure.py/relabel_sites,5,5,0,100.00%
pymatgen/core/structure.py/num_sites,4,4,0,100.00%
pymatgen/core/structure.py/cart_coords,4,3,1,75.00%
pymatgen/core/structure.py/formula,5,5,0,100.00%
pymatgen/core/structure.py/alphabetical_formula,5,5,0,100.00%
pymatgen/core/structure.py/reduced_formula,4,4,0,100.00%
pymatgen/core/structure.py/elements,4,4,0,100.00%
pymatgen/core/structure.py/composition,5,5,0,100.00%
pymatgen/core/structure.py/chemical_system,5,4,1,80.00%
pymatgen/core/structure.py/chemical_system_set,5,4,1,80.00%
pymatgen/core/structure.py/charge,4,4,0,100.00%
pymatgen/core/structure.py/is_ordered,4,3,1,75.00%
pymatgen/core/structure.py/get_angle,5,5,0,100.00%
pymatgen/core/structure.py/get_dihedral,5,5,0,100.00%
pymatgen/core/structure.py/is_valid,5,5,0,100.00%
pymatgen/core/structure.py/to,5,5,0,100.00%
pymatgen/core/structure.py/to_file,4,3,1,75.00%
pymatgen/core/structure.py/from_str,5,5,0,100.00%
pymatgen/core/structure.py/from_file,5,3,2,60.00%
pymatgen/core/structure.py/add_site_property,5,4,1,80.00%
pymatgen/core/structure.py/remove_site_property,5,4,1,80.00%
pymatgen/core/structure.py/replace_species,5,3,2,60.00%
pymatgen/core/structure.py/add_oxidation_state_by_element,5,3,2,60.00%
pymatgen/core/structure.py/add_oxidation_state_by_site,5,4,1,80.00%
pymatgen/core/structure.py/remove_oxidation_states,4,4,0,100.00%
pymatgen/core/structure.py/add_oxidation_state_by_guess,5,3,2,60.00%
pymatgen/core/structure.py/add_spin_by_element,5,2,3,40.00%
pymatgen/core/structure.py/add_spin_by_site,5,3,2,60.00%
pymatgen/core/structure.py/remove_spin,5,5,0,100.00%
pymatgen/core/structure.py/extract_cluster,5,3,2,60.00%
pymatgen/core/structure.py/_calculate,5,3,2,60.00%
pymatgen/core/structure.py/_relax,5,3,2,60.00%
pymatgen/core/structure.py/is_ase_optimizer,5,5,0,100.00%
pymatgen/core/structure.py/_prep_calculator,5,5,0,100.00%
pymatgen/core/structure.py/to_ase_atoms,5,5,0,100.00%
pymatgen/core/structure.py/from_ase_atoms,5,5,0,100.00%
pymatgen/core/structure.py/IStructure,5,5,0,100.00%
pymatgen/core/structure.py/__init__,14,10,4,71.43%
pymatgen/core/structure.py/__eq__,5,3,2,60.00%
pymatgen/core/structure.py/__hash__,9,5,4,55.56%
pymatgen/core/structure.py/__mul__,5,5,0,100.00%
pymatgen/core/structure.py/__rmul__,5,4,1,80.00%
pymatgen/core/structure.py/__repr__,5,4,1,80.00%
pymatgen/core/structure.py/__str__,5,5,0,100.00%
pymatgen/core/structure.py/to_str,5,3,2,60.00%
pymatgen/core/structure.py/from_sites,5,3,2,60.00%
pymatgen/core/structure.py/from_spacegroup,5,4,1,80.00%
pymatgen/core/structure.py/from_magnetic_spacegroup,5,3,2,60.00%
pymatgen/core/structure.py/unset_charge,5,4,1,80.00%
pymatgen/core/structure.py/properties,5,5,0,100.00%
pymatgen/core/structure.py/properties,9,8,1,88.89%
pymatgen/core/structure.py/charge,9,8,1,88.89%
pymatgen/core/structure.py/distance_matrix,10,10,0,100.00%
pymatgen/core/structure.py/lattice,5,5,0,100.00%
pymatgen/core/structure.py/density,4,4,0,100.00%
pymatgen/core/structure.py/pbc,5,5,0,100.00%
pymatgen/core/structure.py/is_3d_periodic,5,5,0,100.00%
pymatgen/core/structure.py/get_space_group_info,5,5,0,100.00%
pymatgen/core/structure.py/matches,5,5,0,100.00%
pymatgen/core/structure.py/frac_coords,5,5,0,100.00%
pymatgen/core/structure.py/volume,4,4,0,100.00%
pymatgen/core/structure.py/get_distance,9,8,1,88.89%
pymatgen/core/structure.py/get_sites_in_sphere,5,4,1,80.00%
pymatgen/core/structure.py/get_neighbors,4,3,1,75.00%
pymatgen/core/structure.py/get_neighbors_old,5,5,0,100.00%
pymatgen/core/structure.py/_get_neighbor_list_py,5,5,0,100.00%
pymatgen/core/structure.py/get_neighbor_list,5,3,2,60.00%
pymatgen/core/structure.py/get_symmetric_neighbor_list,5,5,0,100.00%
pymatgen/core/structure.py/get_all_neighbors,5,5,0,100.00%
pymatgen/core/structure.py/get_all_neighbors_py,5,5,0,100.00%
pymatgen/core/structure.py/get_all_neighbors_old,5,3,2,60.00%
pymatgen/core/structure.py/get_neighbors_in_shell,5,4,1,80.00%
pymatgen/core/structure.py/get_sorted_structure,5,4,1,80.00%
pymatgen/core/structure.py/get_reduced_structure,5,5,0,100.00%
pymatgen/core/structure.py/copy,9,9,0,100.00%
pymatgen/core/structure.py/interpolate,5,5,0,100.00%
pymatgen/core/structure.py/get_miller_index_from_site_indexes,5,4,1,80.00%
pymatgen/core/structure.py/get_primitive_structure,5,5,0,100.00%
pymatgen/core/structure.py/site_label,5,4,1,80.00%
pymatgen/core/structure.py/pbc_coord_intersection,5,5,0,100.00%
pymatgen/core/structure.py/get_hnf,5,5,0,100.00%
pymatgen/core/structure.py/factors,5,2,3,40.00%
pymatgen/core/structure.py/get_orderings,5,5,0,100.00%
pymatgen/core/structure.py/as_dict,13,11,2,84.62%
pymatgen/core/structure.py/as_dataframe,5,4,1,80.00%
pymatgen/core/structure.py/from_dict,14,12,2,85.71%
pymatgen/core/structure.py/to,10,9,1,90.00%
pymatgen/core/structure.py/from_id,5,4,1,80.00%
pymatgen/core/structure.py/from_str,10,8,2,80.00%
pymatgen/core/structure.py/from_file,10,8,2,80.00%
pymatgen/core/structure.py/to_cell,5,4,1,80.00%
pymatgen/core/structure.py/to_primitive,5,3,2,60.00%
pymatgen/core/structure.py/to_conventional,5,3,2,60.00%
pymatgen/core/structure.py/IMolecule,5,5,0,100.00%
pymatgen/core/structure.py/__init__,19,14,5,73.68%
pymatgen/core/structure.py/__eq__,10,6,4,60.00%
pymatgen/core/structure.py/__hash__,14,9,5,64.29%
pymatgen/core/structure.py/__repr__,10,7,3,70.00%
pymatgen/core/structure.py/__str__,10,9,1,90.00%
pymatgen/core/structure.py/charge,13,11,2,84.62%
pymatgen/core/structure.py/spin_multiplicity,4,2,2,50.00%
pymatgen/core/structure.py/nelectrons,5,5,0,100.00%
pymatgen/core/structure.py/center_of_mass,5,4,1,80.00%
pymatgen/core/structure.py/copy,14,13,1,92.86%
pymatgen/core/structure.py/from_sites,10,8,2,80.00%
pymatgen/core/structure.py/break_bond,5,4,1,80.00%
pymatgen/core/structure.py/belongs_to_cluster,5,4,1,80.00%
pymatgen/core/structure.py/get_covalent_bonds,5,5,0,100.00%
pymatgen/core/structure.py/get_zmatrix,5,5,0,100.00%
pymatgen/core/structure.py/find_nn_pos_before_site,4,4,0,100.00%
pymatgen/core/structure.py/as_dict,18,14,4,77.78%
pymatgen/core/structure.py/from_dict,19,15,4,78.95%
pymatgen/core/structure.py/get_distance,14,11,3,78.57%
pymatgen/core/structure.py/get_sites_in_sphere,10,7,3,70.00%
pymatgen/core/structure.py/get_neighbors,9,7,2,77.78%
pymatgen/core/structure.py/get_neighbors_in_shell,10,7,3,70.00%
pymatgen/core/structure.py/get_boxed_structure,5,4,1,80.00%
pymatgen/core/structure.py/get_centered_molecule,4,4,0,100.00%
pymatgen/core/structure.py/to,15,14,1,93.33%
pymatgen/core/structure.py/from_str,15,12,3,80.00%
pymatgen/core/structure.py/from_file,15,11,4,73.33%
pymatgen/core/structure.py/Structure,5,4,1,80.00%
pymatgen/core/structure.py/__init__,24,18,6,75.00%
pymatgen/core/structure.py/__setitem__,5,4,1,80.00%
pymatgen/core/structure.py/__delitem__,5,5,0,100.00%
pymatgen/core/structure.py/lattice,10,8,2,80.00%
pymatgen/core/structure.py/lattice,15,13,2,86.67%
pymatgen/core/structure.py/append,5,5,0,100.00%
pymatgen/core/structure.py/insert,5,5,0,100.00%
pymatgen/core/structure.py/replace,5,4,1,80.00%
pymatgen/core/structure.py/substitute,5,3,2,60.00%
pymatgen/core/structure.py/remove_species,5,4,1,80.00%
pymatgen/core/structure.py/remove_sites,5,3,2,60.00%
pymatgen/core/structure.py/apply_operation,5,2,3,40.00%
pymatgen/core/structure.py/operate_site,5,5,0,100.00%
pymatgen/core/structure.py/operate_site,10,9,1,90.00%
pymatgen/core/structure.py/apply_strain,5,4,1,80.00%
pymatgen/core/structure.py/sort,5,4,1,80.00%
pymatgen/core/structure.py/translate_sites,5,5,0,100.00%
pymatgen/core/structure.py/rotate_sites,5,5,0,100.00%
pymatgen/core/structure.py/perturb,5,4,1,80.00%
pymatgen/core/structure.py/get_rand_vec,5,3,2,60.00%
pymatgen/core/structure.py/make_supercell,5,5,0,100.00%
pymatgen/core/structure.py/scale_lattice,5,5,0,100.00%
pymatgen/core/structure.py/merge_sites,5,4,1,80.00%
pymatgen/core/structure.py/set_charge,4,4,0,100.00%
pymatgen/core/structure.py/relax,5,3,2,60.00%
pymatgen/core/structure.py/calculate,5,4,1,80.00%
pymatgen/core/structure.py/from_prototype,5,4,1,80.00%
pymatgen/core/structure.py/Molecule,5,4,1,80.00%
pymatgen/core/structure.py/__init__,29,23,6,79.31%
pymatgen/core/structure.py/__setitem__,10,7,3,70.00%
pymatgen/core/structure.py/__delitem__,9,9,0,100.00%
pymatgen/core/structure.py/append,10,10,0,100.00%
pymatgen/core/structure.py/set_charge_and_spin,5,4,1,80.00%
pymatgen/core/structure.py/insert,10,10,0,100.00%
pymatgen/core/structure.py/remove_species,10,7,3,70.00%
pymatgen/core/structure.py/remove_sites,10,6,4,60.00%
pymatgen/core/structure.py/translate_sites,10,8,2,80.00%
pymatgen/core/structure.py/rotate_sites,10,8,2,80.00%
pymatgen/core/structure.py/perturb,10,8,2,80.00%
pymatgen/core/structure.py/get_rand_vec,9,5,4,55.56%
pymatgen/core/structure.py/apply_operation,9,6,3,66.67%
pymatgen/core/structure.py/operate_site,14,13,1,92.86%
pymatgen/core/structure.py/substitute,10,7,3,70.00%
pymatgen/core/structure.py/relax,9,6,3,66.67%
pymatgen/core/structure.py/calculate,10,7,3,70.00%
pymatgen/core/structure.py/StructureError,5,4,1,80.00%
pymatgen/core/composition.py/Composition,5,5,0,100.00%
pymatgen/core/composition.py/__init__,5,5,0,100.00%
pymatgen/core/composition.py/__getitem__,5,4,1,80.00%
pymatgen/core/composition.py/__len__,5,4,1,80.00%
pymatgen/core/composition.py/__iter__,5,5,0,100.00%
pymatgen/core/composition.py/__contains__,5,3,2,60.00%
pymatgen/core/composition.py/__eq__,5,5,0,100.00%
pymatgen/core/composition.py/__ge__,5,4,1,80.00%
pymatgen/core/composition.py/__add__,5,5,0,100.00%
pymatgen/core/composition.py/__sub__,5,5,0,100.00%
pymatgen/core/composition.py/__mul__,5,5,0,100.00%
pymatgen/core/composition.py/__truediv__,5,4,1,80.00%
pymatgen/core/composition.py/__hash__,5,5,0,100.00%
pymatgen/core/composition.py/__repr__,4,2,2,50.00%
pymatgen/core/composition.py/__str__,5,3,2,60.00%
pymatgen/core/composition.py/to_pretty_string,5,4,1,80.00%
pymatgen/core/composition.py/average_electroneg,5,3,2,60.00%
pymatgen/core/composition.py/total_electrons,5,2,3,40.00%
pymatgen/core/composition.py/almost_equals,5,5,0,100.00%
pymatgen/core/composition.py/is_element,5,5,0,100.00%
pymatgen/core/composition.py/copy,5,4,1,80.00%
pymatgen/core/composition.py/formula,5,4,1,80.00%
pymatgen/core/composition.py/alphabetical_formula,5,2,3,40.00%
pymatgen/core/composition.py/iupac_formula,5,4,1,80.00%
pymatgen/core/composition.py/element_composition,4,3,1,75.00%
pymatgen/core/composition.py/fractional_composition,5,3,2,60.00%
pymatgen/core/composition.py/reduced_composition,5,4,1,80.00%
pymatgen/core/composition.py/get_reduced_composition_and_factor,5,4,1,80.00%
pymatgen/core/composition.py/get_reduced_formula_and_factor,5,4,1,80.00%
pymatgen/core/composition.py/get_integer_formula_and_factor,5,3,2,60.00%
pymatgen/core/composition.py/reduced_formula,4,4,0,100.00%
pymatgen/core/composition.py/hill_formula,5,4,1,80.00%
pymatgen/core/composition.py/elements,4,4,0,100.00%
pymatgen/core/composition.py/chemical_system_set,5,5,0,100.00%
pymatgen/core/composition.py/chemical_system,5,2,3,40.00%
pymatgen/core/composition.py/num_atoms,4,1,3,25.00%
pymatgen/core/composition.py/weight,5,3,2,60.00%
pymatgen/core/composition.py/get_atomic_fraction,5,5,0,100.00%
pymatgen/core/composition.py/get_wt_fraction,5,4,1,80.00%
pymatgen/core/composition.py/contains_element_type,5,5,0,100.00%
pymatgen/core/composition.py/_parse_formula,5,4,1,80.00%
pymatgen/core/composition.py/get_sym_dict,5,5,0,100.00%
pymatgen/core/composition.py/anonymized_formula,5,5,0,100.00%
pymatgen/core/composition.py/valid,4,4,0,100.00%
pymatgen/core/composition.py/from_dict,5,5,0,100.00%
pymatgen/core/composition.py/from_weight_dict,4,4,0,100.00%
pymatgen/core/composition.py/get_el_amt_dict,5,3,2,60.00%
pymatgen/core/composition.py/as_dict,5,5,0,100.00%
pymatgen/core/composition.py/to_reduced_dict,5,4,1,80.00%
pymatgen/core/composition.py/to_weight_dict,5,5,0,100.00%
pymatgen/core/composition.py/to_data_dict,5,3,2,60.00%
pymatgen/core/composition.py/charge,5,5,0,100.00%
pymatgen/core/composition.py/charge_balanced,5,1,4,20.00%
pymatgen/core/composition.py/oxi_state_guesses,5,4,1,80.00%
pymatgen/core/composition.py/replace,5,4,1,80.00%
pymatgen/core/composition.py/add_charges_from_oxi_state_guesses,5,3,2,60.00%
pymatgen/core/composition.py/remove_charges,5,5,0,100.00%
pymatgen/core/composition.py/_get_oxi_state_guesses,5,5,0,100.00%
pymatgen/core/composition.py/ranked_compositions_from_indeterminate_formula,5,4,1,80.00%
pymatgen/core/composition.py/_comps_from_fuzzy_formula,5,5,0,100.00%
pymatgen/core/composition.py/_parse_chomp_and_rank,5,4,1,80.00%
pymatgen/core/composition.py/reduce_formula,5,3,2,60.00%
pymatgen/core/composition.py/ChemicalPotential,5,4,1,80.00%
pymatgen/core/composition.py/__init__,10,10,0,100.00%
pymatgen/core/composition.py/__mul__,9,9,0,100.00%
pymatgen/core/composition.py/__truediv__,10,8,2,80.00%
pymatgen/core/composition.py/__sub__,10,10,0,100.00%
pymatgen/core/composition.py/__add__,10,10,0,100.00%
pymatgen/core/composition.py/__repr__,9,6,3,66.67%
pymatgen/core/composition.py/get_energy,5,5,0,100.00%
pymatgen/core/composition.py/CompositionError,3,3,0,100.00%
pymatgen/core/surface.py/Slab,5,5,0,100.00%
pymatgen/core/surface.py/__init__,5,4,1,80.00%
pymatgen/core/surface.py/__str__,5,5,0,100.00%
pymatgen/core/surface.py/center_of_mass,5,4,1,80.00%
pymatgen/core/surface.py/dipole,5,5,0,100.00%
pymatgen/core/surface.py/normal,5,3,2,60.00%
pymatgen/core/surface.py/surface_area,5,5,0,100.00%
pymatgen/core/surface.py/from_dict,5,4,1,80.00%
pymatgen/core/surface.py/as_dict,5,5,0,100.00%
pymatgen/core/surface.py/copy,5,4,1,80.00%
pymatgen/core/surface.py/is_symmetric,5,3,2,60.00%
pymatgen/core/surface.py/is_polar,4,3,1,75.00%
pymatgen/core/surface.py/get_surface_sites,5,4,1,80.00%
pymatgen/core/surface.py/get_symmetric_site,5,4,1,80.00%
pymatgen/core/surface.py/get_orthogonal_c_slab,5,5,0,100.00%
pymatgen/core/surface.py/get_tasker2_slabs,5,5,0,100.00%
pymatgen/core/surface.py/get_equi_index,5,5,0,100.00%
pymatgen/core/surface.py/get_sorted_structure,4,3,1,75.00%
pymatgen/core/surface.py/add_adsorbate_atom,4,4,0,100.00%
pymatgen/core/surface.py/symmetrically_add_atom,5,5,0,100.00%
pymatgen/core/surface.py/symmetrically_remove_atoms,5,3,2,60.00%
pymatgen/core/surface.py/get_equi_sites,5,4,1,80.00%
pymatgen/core/surface.py/center_slab,5,5,0,100.00%
pymatgen/core/surface.py/get_slab_regions,5,3,2,60.00%
pymatgen/core/surface.py/SlabGenerator,5,5,0,100.00%
pymatgen/core/surface.py/__init__,10,8,2,80.00%
pymatgen/core/surface.py/reduce_vector,5,3,2,60.00%
pymatgen/core/surface.py/add_site_types,5,3,2,60.00%
pymatgen/core/surface.py/calculate_surface_normal,4,4,0,100.00%
pymatgen/core/surface.py/calculate_scaling_factor,5,4,1,80.00%
pymatgen/core/surface.py/get_slab,5,4,1,80.00%
pymatgen/core/surface.py/get_slabs,5,4,1,80.00%
pymatgen/core/surface.py/gen_possible_terminations,5,4,1,80.00%
pymatgen/core/surface.py/get_z_ranges,5,4,1,80.00%
pymatgen/core/surface.py/repair_broken_bonds,5,4,1,80.00%
pymatgen/core/surface.py/move_to_other_side,5,4,1,80.00%
pymatgen/core/surface.py/nonstoichiometric_symmetrized_slab,5,5,0,100.00%
pymatgen/core/surface.py/generate_all_slabs,5,4,1,80.00%
pymatgen/core/surface.py/get_d,5,5,0,100.00%
pymatgen/core/surface.py/ReconstructionGenerator,5,4,1,80.00%
pymatgen/core/surface.py/__init__,15,13,2,86.67%
pymatgen/core/surface.py/build_recon_json,5,4,1,80.00%
pymatgen/core/surface.py/build_slabgen_params,5,5,0,100.00%
pymatgen/core/surface.py/build_slabs,5,3,2,60.00%
pymatgen/core/surface.py/get_unreconstructed_slabs,5,4,1,80.00%
pymatgen/core/surface.py/get_symmetrically_equivalent_miller_indices,5,4,1,80.00%
pymatgen/core/surface.py/get_symmetrically_distinct_miller_indices,5,5,0,100.00%
pymatgen/core/surface.py/_is_in_miller_family,5,5,0,100.00%
pymatgen/core/surface.py/hkl_transformation,4,3,1,75.00%
pymatgen/core/surface.py/math_lcm,5,3,2,60.00%
pymatgen/core/surface.py/miller_index_from_sites,5,4,1,80.00%
pymatgen/transformations/standard_transformations.py/RotationTransformation,5,5,0,100.00%
pymatgen/transformations/standard_transformations.py/__init__,5,5,0,100.00%
pymatgen/transformations/standard_transformations.py/apply_transformation,4,4,0,100.00%
pymatgen/transformations/standard_transformations.py/__repr__,5,4,1,80.00%
pymatgen/transformations/standard_transformations.py/inverse,4,4,0,100.00%
pymatgen/transformations/standard_transformations.py/OxidationStateDecorationTransformation,4,3,1,75.00%
pymatgen/transformations/standard_transformations.py/__init__,10,8,2,80.00%
pymatgen/transformations/standard_transformations.py/apply_transformation,9,9,0,100.00%
pymatgen/transformations/standard_transformations.py/AutoOxiStateDecorationTransformation,5,4,1,80.00%
pymatgen/transformations/standard_transformations.py/__init__,15,12,3,80.00%
pymatgen/transformations/standard_transformations.py/apply_transformation,13,13,0,100.00%
pymatgen/transformations/standard_transformations.py/OxidationStateRemovalTransformation,4,3,1,75.00%
pymatgen/transformations/standard_transformations.py/__init__,20,16,4,80.00%
pymatgen/transformations/standard_transformations.py/apply_transformation,18,17,1,94.44%
pymatgen/transformations/standard_transformations.py/SupercellTransformation,5,4,1,80.00%
pymatgen/transformations/standard_transformations.py/__init__,24,19,5,79.17%
pymatgen/transformations/standard_transformations.py/from_scaling_factors,5,4,1,80.00%
pymatgen/transformations/standard_transformations.py/from_boundary_distance,5,5,0,100.00%
pymatgen/transformations/standard_transformations.py/apply_transformation,23,22,1,95.65%
pymatgen/transformations/standard_transformations.py/__repr__,10,9,1,90.00%
pymatgen/transformations/standard_transformations.py/inverse,9,9,0,100.00%
pymatgen/transformations/standard_transformations.py/SubstitutionTransformation,5,5,0,100.00%
pymatgen/transformations/standard_transformations.py/__init__,29,24,5,82.76%
pymatgen/transformations/standard_transformations.py/apply_transformation,28,27,1,96.43%
pymatgen/transformations/standard_transformations.py/__repr__,15,13,2,86.67%
pymatgen/transformations/standard_transformations.py/inverse,13,13,0,100.00%
pymatgen/transformations/standard_transformations.py/RemoveSpeciesTransformation,5,5,0,100.00%
pymatgen/transformations/standard_transformations.py/__init__,33,27,6,81.82%
pymatgen/transformations/standard_transformations.py/apply_transformation,33,32,1,96.97%
pymatgen/transformations/standard_transformations.py/__repr__,19,16,3,84.21%
pymatgen/transformations/standard_transformations.py/PartialRemoveSpecieTransformation,5,5,0,100.00%
pymatgen/transformations/standard_transformations.py/__init__,38,30,8,78.95%
pymatgen/transformations/standard_transformations.py/apply_transformation,38,36,2,94.74%
pymatgen/transformations/standard_transformations.py/is_one_to_many,5,3,2,60.00%
pymatgen/transformations/standard_transformations.py/__repr__,24,21,3,87.50%
pymatgen/transformations/standard_transformations.py/OrderDisorderedStructureTransformation,5,5,0,100.00%
pymatgen/transformations/standard_transformations.py/__init__,43,34,9,79.07%
pymatgen/transformations/standard_transformations.py/apply_transformation,43,39,4,90.70%
pymatgen/transformations/standard_transformations.py/__repr__,28,24,4,85.71%
pymatgen/transformations/standard_transformations.py/is_one_to_many,10,8,2,80.00%
pymatgen/transformations/standard_transformations.py/lowest_energy_structure,5,5,0,100.00%
pymatgen/transformations/standard_transformations.py/PrimitiveCellTransformation,5,4,1,80.00%
pymatgen/transformations/standard_transformations.py/__init__,47,37,10,78.72%
pymatgen/transformations/standard_transformations.py/apply_transformation,48,44,4,91.67%
pymatgen/transformations/standard_transformations.py/__repr__,32,28,4,87.50%
pymatgen/transformations/standard_transformations.py/ConventionalCellTransformation,4,4,0,100.00%
pymatgen/transformations/standard_transformations.py/__init__,51,40,11,78.43%
pymatgen/transformations/standard_transformations.py/apply_transformation,53,49,4,92.45%
pymatgen/transformations/standard_transformations.py/__repr__,37,33,4,89.19%
pymatgen/transformations/standard_transformations.py/PerturbStructureTransformation,5,4,1,80.00%
pymatgen/transformations/standard_transformations.py/__init__,56,43,13,76.79%
pymatgen/transformations/standard_transformations.py/apply_transformation,58,53,5,91.38%
pymatgen/transformations/standard_transformations.py/__repr__,41,37,4,90.24%
pymatgen/transformations/standard_transformations.py/DeformStructureTransformation,5,5,0,100.00%
pymatgen/transformations/standard_transformations.py/__init__,61,47,14,77.05%
pymatgen/transformations/standard_transformations.py/apply_transformation,63,56,7,88.89%
pymatgen/transformations/standard_transformations.py/__repr__,46,42,4,91.30%
pymatgen/transformations/standard_transformations.py/inverse,17,16,1,94.12%
pymatgen/transformations/standard_transformations.py/DiscretizeOccupanciesTransformation,5,4,1,80.00%
pymatgen/transformations/standard_transformations.py/__init__,66,51,15,77.27%
pymatgen/transformations/standard_transformations.py/apply_transformation,68,61,7,89.71%
pymatgen/transformations/standard_transformations.py/__repr__,51,46,5,90.20%
pymatgen/transformations/standard_transformations.py/ChargedCellTransformation,5,4,1,80.00%
pymatgen/transformations/standard_transformations.py/__init__,70,55,15,78.57%
pymatgen/transformations/standard_transformations.py/apply_transformation,73,64,9,87.67%
pymatgen/transformations/standard_transformations.py/__repr__,56,51,5,91.07%
pymatgen/transformations/standard_transformations.py/inverse,22,21,1,95.45%
pymatgen/transformations/standard_transformations.py/ScaleToRelaxedTransformation,5,4,1,80.00%
pymatgen/transformations/standard_transformations.py/__init__,75,58,17,77.33%
pymatgen/transformations/standard_transformations.py/apply_transformation,78,69,9,88.46%
pymatgen/transformations/standard_transformations.py/__repr__,60,55,5,91.67%
pymatgen/transformations/transformation_abc.py/AbstractTransformation,5,4,1,80.00%
pymatgen/transformations/transformation_abc.py/apply_transformation,5,5,0,100.00%
pymatgen/transformations/transformation_abc.py/inverse,5,5,0,100.00%
pymatgen/transformations/transformation_abc.py/is_one_to_many,5,5,0,100.00%
pymatgen/transformations/transformation_abc.py/use_multiprocessing,4,4,0,100.00%
pymatgen/transformations/advanced_transformations.py/ChargeBalanceTransformation,5,4,1,80.00%
pymatgen/transformations/advanced_transformations.py/__init__,4,1,3,25.00%
pymatgen/transformations/advanced_transformations.py/apply_transformation,5,5,0,100.00%
pymatgen/transformations/advanced_transformations.py/__repr__,4,4,0,100.00%
pymatgen/transformations/advanced_transformations.py/SuperTransformation,5,3,2,60.00%
pymatgen/transformations/advanced_transformations.py/__init__,9,6,3,66.67%
pymatgen/transformations/advanced_transformations.py/apply_transformation,10,8,2,80.00%
pymatgen/transformations/advanced_transformations.py/__repr__,9,8,1,88.89%
pymatgen/transformations/advanced_transformations.py/is_one_to_many,5,3,2,60.00%
pymatgen/transformations/advanced_transformations.py/MultipleSubstitutionTransformation,5,4,1,80.00%
pymatgen/transformations/advanced_transformations.py/__init__,13,9,4,69.23%
pymatgen/transformations/advanced_transformations.py/apply_transformation,15,12,3,80.00%
pymatgen/transformations/advanced_transformations.py/__repr__,13,12,1,92.31%
pymatgen/transformations/advanced_transformations.py/is_one_to_many,10,7,3,70.00%
pymatgen/transformations/advanced_transformations.py/EnumerateStructureTransformation,5,4,1,80.00%
pymatgen/transformations/advanced_transformations.py/__init__,18,14,4,77.78%
pymatgen/transformations/advanced_transformations.py/apply_transformation,20,16,4,80.00%
pymatgen/transformations/advanced_transformations.py/_get_stats,5,5,0,100.00%
pymatgen/transformations/advanced_transformations.py/sort_func,5,4,1,80.00%
pymatgen/transformations/advanced_transformations.py/__repr__,18,15,3,83.33%
pymatgen/transformations/advanced_transformations.py/is_one_to_many,15,12,3,80.00%
pymatgen/transformations/advanced_transformations.py/SubstitutionPredictorTransformation,5,4,1,80.00%
pymatgen/transformations/advanced_transformations.py/__init__,23,18,5,78.26%
pymatgen/transformations/advanced_transformations.py/apply_transformation,25,19,6,76.00%
pymatgen/transformations/advanced_transformations.py/__repr__,23,20,3,86.96%
pymatgen/transformations/advanced_transformations.py/is_one_to_many,20,17,3,85.00%
pymatgen/transformations/advanced_transformations.py/MagOrderParameterConstraint,5,5,0,100.00%
pymatgen/transformations/advanced_transformations.py/__init__,28,23,5,82.14%
pymatgen/transformations/advanced_transformations.py/satisfies_constraint,5,3,2,60.00%
pymatgen/transformations/advanced_transformations.py/MagOrderingTransformation,5,5,0,100.00%
pymatgen/transformations/advanced_transformations.py/__init__,33,28,5,84.85%
pymatgen/transformations/advanced_transformations.py/determine_min_cell,5,4,1,80.00%
pymatgen/transformations/advanced_transformations.py/lcm,5,4,1,80.00%
pymatgen/transformations/advanced_transformations.py/_add_dummy_species,5,4,1,80.00%
pymatgen/transformations/advanced_transformations.py/generate_dummy_specie,5,2,3,40.00%
pymatgen/transformations/advanced_transformations.py/_remove_dummy_species,4,4,0,100.00%
pymatgen/transformations/advanced_transformations.py/_add_spin_magnitudes,5,4,1,80.00%
pymatgen/transformations/advanced_transformations.py/apply_transformation,30,23,7,76.67%
pymatgen/transformations/advanced_transformations.py/key,5,4,1,80.00%
pymatgen/transformations/advanced_transformations.py/is_one_to_many,25,21,4,84.00%
pymatgen/transformations/advanced_transformations.py/find_codopant,5,5,0,100.00%
pymatgen/transformations/advanced_transformations.py/DopingTransformation,5,5,0,100.00%
pymatgen/transformations/advanced_transformations.py/__init__,38,33,5,86.84%
pymatgen/transformations/advanced_transformations.py/apply_transformation,35,28,7,80.00%
pymatgen/transformations/advanced_transformations.py/is_one_to_many,30,25,5,83.33%
pymatgen/transformations/advanced_transformations.py/SlabTransformation,5,5,0,100.00%
pymatgen/transformations/advanced_transformations.py/__init__,43,38,5,88.37%
pymatgen/transformations/advanced_transformations.py/apply_transformation,39,32,7,82.05%
pymatgen/transformations/advanced_transformations.py/DisorderOrderedTransformation,5,4,1,80.00%
pymatgen/transformations/advanced_transformations.py/__init__,47,42,5,89.36%
pymatgen/transformations/advanced_transformations.py/apply_transformation,44,36,8,81.82%
pymatgen/transformations/advanced_transformations.py/is_one_to_many,35,28,7,80.00%
pymatgen/transformations/advanced_transformations.py/_partition_species,5,5,0,100.00%
pymatgen/transformations/advanced_transformations.py/_partition,5,5,0,100.00%
pymatgen/transformations/advanced_transformations.py/_sort_partitions,5,3,2,60.00%
pymatgen/transformations/advanced_transformations.py/_get_disorder_mappings,5,5,0,100.00%
pymatgen/transformations/advanced_transformations.py/_get_replacement_dict_from_partition,4,3,1,75.00%
pymatgen/transformations/advanced_transformations.py/GrainBoundaryTransformation,5,3,2,60.00%
pymatgen/transformations/advanced_transformations.py/__init__,52,46,6,88.46%
pymatgen/transformations/advanced_transformations.py/apply_transformation,49,41,8,83.67%
pymatgen/transformations/advanced_transformations.py/CubicSupercellTransformation,5,3,2,60.00%
pymatgen/transformations/advanced_transformations.py/__init__,57,48,9,84.21%
pymatgen/transformations/advanced_transformations.py/apply_transformation,54,45,9,83.33%
pymatgen/transformations/advanced_transformations.py/check_exceptions,4,3,1,75.00%
pymatgen/transformations/advanced_transformations.py/check_constraints,5,5,0,100.00%
pymatgen/transformations/advanced_transformations.py/get_possible_supercell,5,5,0,100.00%
pymatgen/transformations/advanced_transformations.py/AddAdsorbateTransformation,5,5,0,100.00%
pymatgen/transformations/advanced_transformations.py/__init__,62,53,9,85.48%
pymatgen/transformations/advanced_transformations.py/apply_transformation,59,49,10,83.05%
pymatgen/transformations/advanced_transformations.py/is_one_to_many,40,33,7,82.50%
pymatgen/transformations/advanced_transformations.py/_round_and_make_arr_singular,5,4,1,80.00%
pymatgen/transformations/advanced_transformations.py/round_away_from_zero,5,5,0,100.00%
pymatgen/transformations/advanced_transformations.py/SubstituteSurfaceSiteTransformation,5,4,1,80.00%
pymatgen/transformations/advanced_transformations.py/__init__,67,57,10,85.07%
pymatgen/transformations/advanced_transformations.py/apply_transformation,64,53,11,82.81%
pymatgen/transformations/advanced_transformations.py/is_one_to_many,44,36,8,81.82%
pymatgen/transformations/advanced_transformations.py/_proj,5,5,0,100.00%
pymatgen/transformations/advanced_transformations.py/SQSTransformation,5,5,0,100.00%
pymatgen/transformations/advanced_transformations.py/__init__,72,62,10,86.11%
pymatgen/transformations/advanced_transformations.py/_get_max_neighbor_distance,5,3,2,60.00%
pymatgen/transformations/advanced_transformations.py/_get_disordered_substructure,5,3,2,60.00%
pymatgen/transformations/advanced_transformations.py/_sqs_cluster_estimate,5,4,1,80.00%
pymatgen/transformations/advanced_transformations.py/apply_transformation,69,57,12,82.61%
pymatgen/transformations/advanced_transformations.py/_get_unique_best_sqs_structs,5,5,0,100.00%
pymatgen/transformations/advanced_transformations.py/is_one_to_many,48,40,8,83.33%
pymatgen/transformations/advanced_transformations.py/MonteCarloRattleTransformation,4,4,0,100.00%
pymatgen/transformations/advanced_transformations.py/__init__,76,66,10,86.84%
pymatgen/transformations/advanced_transformations.py/apply_transformation,74,62,12,83.78%
pymatgen/transformations/advanced_transformations.py/__repr__,27,23,4,85.19%
pymatgen/transformations/site_transformations.py/InsertSitesTransformation,5,5,0,100.00%
pymatgen/transformations/site_transformations.py/__init__,5,5,0,100.00%
pymatgen/transformations/site_transformations.py/apply_transformation,5,2,3,40.00%
pymatgen/transformations/site_transformations.py/__repr__,4,4,0,100.00%
pymatgen/transformations/site_transformations.py/ReplaceSiteSpeciesTransformation,5,5,0,100.00%
pymatgen/transformations/site_transformations.py/__init__,10,10,0,100.00%
pymatgen/transformations/site_transformations.py/apply_transformation,10,7,3,70.00%
pymatgen/transformations/site_transformations.py/__repr__,8,7,1,87.50%
pymatgen/transformations/site_transformations.py/RemoveSitesTransformation,5,4,1,80.00%
pymatgen/transformations/site_transformations.py/__init__,14,13,1,92.86%
pymatgen/transformations/site_transformations.py/apply_transformation,15,12,3,80.00%
pymatgen/transformations/site_transformations.py/__repr__,13,11,2,84.62%
pymatgen/transformations/site_transformations.py/TranslateSitesTransformation,5,5,0,100.00%
pymatgen/transformations/site_transformations.py/__init__,18,17,1,94.44%
pymatgen/transformations/site_transformations.py/apply_transformation,20,17,3,85.00%
pymatgen/transformations/site_transformations.py/__repr__,17,15,2,88.24%
pymatgen/transformations/site_transformations.py/inverse,4,4,0,100.00%
pymatgen/transformations/site_transformations.py/as_dict,4,4,0,100.00%
pymatgen/transformations/site_transformations.py/PartialRemoveSitesTransformation,5,4,1,80.00%
pymatgen/transformations/site_transformations.py/__init__,22,21,1,95.45%
pymatgen/transformations/site_transformations.py/_best_first_ordering,5,5,0,100.00%
pymatgen/transformations/site_transformations.py/_complete_ordering,5,5,0,100.00%
pymatgen/transformations/site_transformations.py/_fast_ordering,5,4,1,80.00%
pymatgen/transformations/site_transformations.py/_enumerate_ordering,5,5,0,100.00%
pymatgen/transformations/site_transformations.py/apply_transformation,25,21,4,84.00%
pymatgen/transformations/site_transformations.py/__repr__,21,19,2,90.48%
pymatgen/transformations/site_transformations.py/is_one_to_many,5,3,2,60.00%
pymatgen/transformations/site_transformations.py/AddSitePropertyTransformation,5,5,0,100.00%
pymatgen/transformations/site_transformations.py/__init__,27,25,2,92.59%
pymatgen/transformations/site_transformations.py/apply_transformation,30,24,6,80.00%
pymatgen/transformations/site_transformations.py/RadialSiteDistortionTransformation,5,5,0,100.00%
pymatgen/transformations/site_transformations.py/__init__,32,30,2,93.75%
pymatgen/transformations/site_transformations.py/apply_transformation,35,27,8,77.14%
pymatgen/transformations/site_transformations.py/displace_dist,5,2,3,40.00%
pymatgen/transformations/site_transformations.py/is_one_to_many,10,8,2,80.00%
pymatgen/transformations/site_transformations.py/use_multiprocessing,5,3,2,60.00%
pymatgen/analysis/fragmenter.py/Fragmenter,5,3,2,60.00%
pymatgen/analysis/fragmenter.py/__init__,5,4,1,80.00%
pymatgen/analysis/fragmenter.py/_fragment_one_level,5,5,0,100.00%
pymatgen/analysis/fragmenter.py/_open_all_rings,5,5,0,100.00%
pymatgen/analysis/fragmenter.py/open_ring,5,4,1,80.00%
pymatgen/analysis/eos.py/EOSBase,5,4,1,80.00%
pymatgen/analysis/eos.py/__init__,5,5,0,100.00%
pymatgen/analysis/eos.py/_initial_guess,5,3,2,60.00%
pymatgen/analysis/eos.py/fit,4,3,1,75.00%
pymatgen/analysis/eos.py/_func,5,5,0,100.00%
pymatgen/analysis/eos.py/func,5,4,1,80.00%
pymatgen/analysis/eos.py/__call__,4,4,0,100.00%
pymatgen/analysis/eos.py/e0,5,3,2,60.00%
pymatgen/analysis/eos.py/b0,5,4,1,80.00%
pymatgen/analysis/eos.py/b0_GPa,5,3,2,60.00%
pymatgen/analysis/eos.py/b1,4,2,2,50.00%
pymatgen/analysis/eos.py/v0,5,3,2,60.00%
pymatgen/analysis/eos.py/results,4,3,1,75.00%
pymatgen/analysis/eos.py/plot,5,3,2,60.00%
pymatgen/analysis/eos.py/plot_ax,5,4,1,80.00%
pymatgen/analysis/eos.py/Murnaghan,5,4,1,80.00%
pymatgen/analysis/eos.py/_func,10,10,0,100.00%
pymatgen/analysis/eos.py/Birch,5,5,0,100.00%
pymatgen/analysis/eos.py/_func,15,12,3,80.00%
pymatgen/analysis/eos.py/BirchMurnaghan,5,4,1,80.00%
pymatgen/analysis/eos.py/_func,20,13,7,65.00%
pymatgen/analysis/eos.py/PourierTarantola,5,5,0,100.00%
pymatgen/analysis/eos.py/_func,25,16,9,64.00%
pymatgen/analysis/eos.py/Vinet,5,5,0,100.00%
pymatgen/analysis/eos.py/_func,30,18,12,60.00%
pymatgen/analysis/eos.py/PolynomialEOS,5,4,1,80.00%
pymatgen/analysis/eos.py/_func,35,20,15,57.14%
pymatgen/analysis/eos.py/fit,9,8,1,88.89%
pymatgen/analysis/eos.py/_set_params,5,3,2,60.00%
pymatgen/analysis/eos.py/DeltaFactor,5,2,3,40.00%
pymatgen/analysis/eos.py/_func,40,24,16,60.00%
pymatgen/analysis/eos.py/fit,14,13,1,92.86%
pymatgen/analysis/eos.py/_set_params,10,6,4,60.00%
pymatgen/analysis/eos.py/NumericalEOS,5,5,0,100.00%
pymatgen/analysis/eos.py/fit,19,17,2,89.47%
pymatgen/analysis/eos.py/get_rms,5,5,0,100.00%
pymatgen/analysis/eos.py/EOS,5,5,0,100.00%
pymatgen/analysis/eos.py/__init__,9,9,0,100.00%
pymatgen/analysis/eos.py/fit,24,22,2,91.67%
pymatgen/analysis/eos.py/EOSError,5,5,0,100.00%
pymatgen/analysis/energy_models.py/EnergyModel,5,5,0,100.00%
pymatgen/analysis/energy_models.py/get_energy,5,5,0,100.00%
pymatgen/analysis/energy_models.py/from_dict,5,5,0,100.00%
pymatgen/analysis/energy_models.py/EwaldElectrostaticModel,5,5,0,100.00%
pymatgen/analysis/energy_models.py/__init__,5,4,1,80.00%
pymatgen/analysis/energy_models.py/get_energy,10,9,1,90.00%
pymatgen/analysis/energy_models.py/as_dict,4,4,0,100.00%
pymatgen/analysis/energy_models.py/SymmetryModel,5,4,1,80.00%
pymatgen/analysis/energy_models.py/__init__,10,8,2,80.00%
pymatgen/analysis/energy_models.py/get_energy,15,11,4,73.33%
pymatgen/analysis/energy_models.py/as_dict,8,8,0,100.00%
pymatgen/analysis/energy_models.py/IsingModel,5,3,2,60.00%
pymatgen/analysis/energy_models.py/__init__,14,11,3,78.57%
pymatgen/analysis/energy_models.py/get_energy,20,15,5,75.00%
pymatgen/analysis/energy_models.py/as_dict,13,13,0,100.00%
pymatgen/analysis/energy_models.py/NsitesModel,5,4,1,80.00%
pymatgen/analysis/energy_models.py/get_energy,25,17,8,68.00%
pymatgen/analysis/energy_models.py/as_dict,18,16,2,88.89%
pymatgen/analysis/disorder.py/get_warren_cowley_parameters,5,5,0,100.00%
pymatgen/analysis/reaction_calculator.py/BalancedReaction,5,4,1,80.00%
pymatgen/analysis/reaction_calculator.py/__init__,5,5,0,100.00%
pymatgen/analysis/reaction_calculator.py/__eq__,5,5,0,100.00%
pymatgen/analysis/reaction_calculator.py/__hash__,5,5,0,100.00%
pymatgen/analysis/reaction_calculator.py/__str__,5,4,1,80.00%
pymatgen/analysis/reaction_calculator.py/calculate_energy,4,4,0,100.00%
pymatgen/analysis/reaction_calculator.py/calculate_energy,9,8,1,88.89%
pymatgen/analysis/reaction_calculator.py/calculate_energy,13,11,2,84.62%
pymatgen/analysis/reaction_calculator.py/normalize_to,5,5,0,100.00%
pymatgen/analysis/reaction_calculator.py/normalize_to_element,4,4,0,100.00%
pymatgen/analysis/reaction_calculator.py/get_el_amount,5,4,1,80.00%
pymatgen/analysis/reaction_calculator.py/elements,4,4,0,100.00%
pymatgen/analysis/reaction_calculator.py/coeffs,4,2,2,50.00%
pymatgen/analysis/reaction_calculator.py/all_comp,4,3,1,75.00%
pymatgen/analysis/reaction_calculator.py/reactants,4,3,1,75.00%
pymatgen/analysis/reaction_calculator.py/products,5,5,0,100.00%
pymatgen/analysis/reaction_calculator.py/get_coeff,5,5,0,100.00%
pymatgen/analysis/reaction_calculator.py/normalized_repr_and_factor,5,3,2,60.00%
pymatgen/analysis/reaction_calculator.py/normalized_repr,4,4,0,100.00%
pymatgen/analysis/reaction_calculator.py/_str_from_formulas,5,4,1,80.00%
pymatgen/analysis/reaction_calculator.py/_str_from_comp,5,4,1,80.00%
pymatgen/analysis/reaction_calculator.py/as_entry,5,3,2,60.00%
pymatgen/analysis/reaction_calculator.py/as_dict,5,4,1,80.00%
pymatgen/analysis/reaction_calculator.py/from_dict,5,5,0,100.00%
pymatgen/analysis/reaction_calculator.py/from_str,5,5,0,100.00%
pymatgen/analysis/reaction_calculator.py/get_comp_amt,5,4,1,80.00%
pymatgen/analysis/reaction_calculator.py/Reaction,5,5,0,100.00%
pymatgen/analysis/reaction_calculator.py/__init__,10,8,2,80.00%
pymatgen/analysis/reaction_calculator.py/_balance_coeffs,5,5,0,100.00%
pymatgen/analysis/reaction_calculator.py/copy,5,5,0,100.00%
pymatgen/analysis/reaction_calculator.py/as_dict,10,9,1,90.00%
pymatgen/analysis/reaction_calculator.py/from_dict,10,9,1,90.00%
pymatgen/analysis/reaction_calculator.py/ReactionError,5,5,0,100.00%
pymatgen/analysis/reaction_calculator.py/__init__,14,11,3,78.57%
pymatgen/analysis/reaction_calculator.py/__str__,10,8,2,80.00%
pymatgen/analysis/reaction_calculator.py/ComputedReaction,5,4,1,80.00%
pymatgen/analysis/reaction_calculator.py/__init__,18,14,4,77.78%
pymatgen/analysis/reaction_calculator.py/all_entries,5,3,2,60.00%
pymatgen/analysis/reaction_calculator.py/calculated_reaction_energy,5,5,0,100.00%
pymatgen/analysis/reaction_calculator.py/calculated_reaction_energy_uncertainty,5,5,0,100.00%
pymatgen/analysis/reaction_calculator.py/as_dict,15,13,2,86.67%
pymatgen/analysis/reaction_calculator.py/from_dict,14,13,1,92.86%
pymatgen/analysis/surface_analysis.py/SlabEntry,5,5,0,100.00%
pymatgen/analysis/surface_analysis.py/__init__,5,3,2,60.00%
pymatgen/analysis/surface_analysis.py/as_dict,5,5,0,100.00%
pymatgen/analysis/surface_analysis.py/gibbs_binding_energy,5,5,0,100.00%
pymatgen/analysis/surface_analysis.py/surface_energy,5,3,2,60.00%
pymatgen/analysis/surface_analysis.py/get_unit_primitive_area,4,1,3,25.00%
pymatgen/analysis/surface_analysis.py/get_monolayer,5,5,0,100.00%
pymatgen/analysis/surface_analysis.py/Nads_in_slab,5,4,1,80.00%
pymatgen/analysis/surface_analysis.py/Nsurfs_ads_in_slab,5,5,0,100.00%
pymatgen/analysis/surface_analysis.py/from_dict,5,5,0,100.00%
pymatgen/analysis/surface_analysis.py/surface_area,5,4,1,80.00%
pymatgen/analysis/surface_analysis.py/cleaned_up_slab,5,4,1,80.00%
pymatgen/analysis/surface_analysis.py/create_slab_label,5,3,2,60.00%
pymatgen/analysis/surface_analysis.py/from_computed_structure_entry,5,5,0,100.00%
pymatgen/analysis/surface_analysis.py/SurfaceEnergyPlotter,5,5,0,100.00%
pymatgen/analysis/surface_analysis.py/__init__,10,7,3,70.00%
pymatgen/analysis/surface_analysis.py/get_stable_entry_at_u,5,4,1,80.00%
pymatgen/analysis/surface_analysis.py/get_coeffs,5,3,2,60.00%
pymatgen/analysis/surface_analysis.py/wulff_from_chempot,5,5,0,100.00%
pymatgen/analysis/surface_analysis.py/area_frac_vs_chempot_plot,5,4,1,80.00%
pymatgen/analysis/surface_analysis.py/get_surface_equilibrium,5,4,1,80.00%
pymatgen/analysis/surface_analysis.py/stable_u_range_dict,5,5,0,100.00%
pymatgen/analysis/surface_analysis.py/color_palette_dict,5,4,1,80.00%
pymatgen/analysis/surface_analysis.py/chempot_vs_gamma_plot_one,5,4,1,80.00%
pymatgen/analysis/surface_analysis.py/chempot_vs_gamma,5,5,0,100.00%
pymatgen/analysis/surface_analysis.py/monolayer_vs_BE,5,4,1,80.00%
pymatgen/analysis/surface_analysis.py/chempot_plot_addons,5,4,1,80.00%
pymatgen/analysis/surface_analysis.py/BE_vs_clean_SE,5,5,0,100.00%
pymatgen/analysis/surface_analysis.py/surface_chempot_range_map,5,5,0,100.00%
pymatgen/analysis/surface_analysis.py/set_all_variables,5,3,2,60.00%
pymatgen/analysis/surface_analysis.py/entry_dict_from_list,5,5,0,100.00%
pymatgen/analysis/surface_analysis.py/WorkFunctionAnalyzer,5,4,1,80.00%
pymatgen/analysis/surface_analysis.py/__init__,15,11,4,73.33%
pymatgen/analysis/surface_analysis.py/get_locpot_along_slab_plot,5,2,3,40.00%
pymatgen/analysis/surface_analysis.py/get_labels,5,4,1,80.00%
pymatgen/analysis/surface_analysis.py/is_converged,5,4,1,80.00%
pymatgen/analysis/surface_analysis.py/from_files,5,5,0,100.00%
pymatgen/analysis/surface_analysis.py/NanoscaleStability,5,4,1,80.00%
pymatgen/analysis/surface_analysis.py/__init__,19,15,4,78.95%
pymatgen/analysis/surface_analysis.py/solve_equilibrium_point,5,4,1,80.00%
pymatgen/analysis/surface_analysis.py/wulff_gform_and_r,5,4,1,80.00%
pymatgen/analysis/surface_analysis.py/bulk_gform,5,4,1,80.00%
pymatgen/analysis/surface_analysis.py/scaled_wulff,4,2,2,50.00%
pymatgen/analysis/surface_analysis.py/plot_one_stability_map,5,5,0,100.00%
pymatgen/analysis/surface_analysis.py/plot_all_stability_map,5,3,2,60.00%
pymatgen/analysis/surface_analysis.py/sub_chempots,5,3,2,60.00%
pymatgen/analysis/structure_matcher.py/AbstractComparator,5,5,0,100.00%
pymatgen/analysis/structure_matcher.py/are_equal,4,3,1,75.00%
pymatgen/analysis/structure_matcher.py/get_hash,5,5,0,100.00%
pymatgen/analysis/structure_matcher.py/from_dict,5,5,0,100.00%
pymatgen/analysis/structure_matcher.py/as_dict,5,4,1,80.00%
pymatgen/analysis/structure_matcher.py/SpeciesComparator,5,3,2,60.00%
pymatgen/analysis/structure_matcher.py/are_equal,9,7,2,77.78%
pymatgen/analysis/structure_matcher.py/get_hash,10,8,2,80.00%
pymatgen/analysis/structure_matcher.py/SpinComparator,5,2,3,40.00%
pymatgen/analysis/structure_matcher.py/are_equal,14,8,6,57.14%
pymatgen/analysis/structure_matcher.py/get_hash,15,11,4,73.33%
pymatgen/analysis/structure_matcher.py/ElementComparator,5,3,2,60.00%
pymatgen/analysis/structure_matcher.py/are_equal,19,12,7,63.16%
pymatgen/analysis/structure_matcher.py/get_hash,19,12,7,63.16%
pymatgen/analysis/structure_matcher.py/FrameworkComparator,5,2,3,40.00%
pymatgen/analysis/structure_matcher.py/are_equal,23,13,10,56.52%
pymatgen/analysis/structure_matcher.py/get_hash,24,16,8,66.67%
pymatgen/analysis/structure_matcher.py/OrderDisorderElementComparator,5,3,2,60.00%
pymatgen/analysis/structure_matcher.py/are_equal,28,15,13,53.57%
pymatgen/analysis/structure_matcher.py/get_hash,29,18,11,62.07%
pymatgen/analysis/structure_matcher.py/OccupancyComparator,5,4,1,80.00%
pymatgen/analysis/structure_matcher.py/are_equal,33,17,16,51.52%
pymatgen/analysis/structure_matcher.py/get_hash,34,20,14,58.82%
pymatgen/analysis/structure_matcher.py/StructureMatcher,5,5,0,100.00%
pymatgen/analysis/structure_matcher.py/__init__,5,5,0,100.00%
pymatgen/analysis/structure_matcher.py/_get_supercell_size,5,5,0,100.00%
pymatgen/analysis/structure_matcher.py/_get_lattices,5,5,0,100.00%
pymatgen/analysis/structure_matcher.py/_get_supercells,4,4,0,100.00%
pymatgen/analysis/structure_matcher.py/av_lat,5,3,2,60.00%
pymatgen/analysis/structure_matcher.py/sc_generator,5,3,2,60.00%
pymatgen/analysis/structure_matcher.py/_cmp_fstruct,5,3,2,60.00%
pymatgen/analysis/structure_matcher.py/_cart_dists,5,4,1,80.00%
pymatgen/analysis/structure_matcher.py/_get_mask,5,5,0,100.00%
pymatgen/analysis/structure_matcher.py/fit,5,4,1,80.00%
pymatgen/analysis/structure_matcher.py/get_rms_dist,5,5,0,100.00%
pymatgen/analysis/structure_matcher.py/_process_species,5,5,0,100.00%
pymatgen/analysis/structure_matcher.py/_preprocess,5,5,0,100.00%
pymatgen/analysis/structure_matcher.py/_match,5,2,3,40.00%
pymatgen/analysis/structure_matcher.py/_strict_match,5,4,1,80.00%
pymatgen/analysis/structure_matcher.py/group_structures,5,5,0,100.00%
pymatgen/analysis/structure_matcher.py/s_hash,5,3,2,60.00%
pymatgen/analysis/structure_matcher.py/c_hash,5,4,1,80.00%
pymatgen/analysis/structure_matcher.py/as_dict,10,9,1,90.00%
pymatgen/analysis/structure_matcher.py/from_dict,9,9,0,100.00%
pymatgen/analysis/structure_matcher.py/_anonymous_match,5,3,2,60.00%
pymatgen/analysis/structure_matcher.py/_get_reduced_structure,5,4,1,80.00%
pymatgen/analysis/structure_matcher.py/get_rms_anonymous,5,5,0,100.00%
pymatgen/analysis/structure_matcher.py/get_best_electronegativity_anonymous_mapping,5,5,0,100.00%
pymatgen/analysis/structure_matcher.py/get_all_anonymous_mappings,5,5,0,100.00%
pymatgen/analysis/structure_matcher.py/fit_anonymous,5,5,0,100.00%
pymatgen/analysis/structure_matcher.py/get_supercell_matrix,5,4,1,80.00%
pymatgen/analysis/structure_matcher.py/get_transformation,5,4,1,80.00%
pymatgen/analysis/structure_matcher.py/get_s2_like_s1,5,5,0,100.00%
pymatgen/analysis/structure_matcher.py/get_mapping,5,3,2,60.00%
pymatgen/analysis/pourbaix_diagram.py/PourbaixEntry,5,4,1,80.00%
pymatgen/analysis/pourbaix_diagram.py/__init__,5,3,2,60.00%
pymatgen/analysis/pourbaix_diagram.py/npH,5,3,2,60.00%
pymatgen/analysis/pourbaix_diagram.py/nH2O,4,3,1,75.00%
pymatgen/analysis/pourbaix_diagram.py/nPhi,5,4,1,80.00%
pymatgen/analysis/pourbaix_diagram.py/name,5,4,1,80.00%
pymatgen/analysis/pourbaix_diagram.py/energy,5,4,1,80.00%
pymatgen/analysis/pourbaix_diagram.py/energy_per_atom,5,4,1,80.00%
pymatgen/analysis/pourbaix_diagram.py/elements,4,4,0,100.00%
pymatgen/analysis/pourbaix_diagram.py/energy_at_conditions,4,4,0,100.00%
pymatgen/analysis/pourbaix_diagram.py/get_element_fraction,5,4,1,80.00%
pymatgen/analysis/pourbaix_diagram.py/normalized_energy,4,4,0,100.00%
pymatgen/analysis/pourbaix_diagram.py/normalized_energy_at_conditions,5,5,0,100.00%
pymatgen/analysis/pourbaix_diagram.py/conc_term,5,5,0,100.00%
pymatgen/analysis/pourbaix_diagram.py/as_dict,5,5,0,100.00%
pymatgen/analysis/pourbaix_diagram.py/from_dict,5,4,1,80.00%
pymatgen/analysis/pourbaix_diagram.py/normalization_factor,5,4,1,80.00%
pymatgen/analysis/pourbaix_diagram.py/composition,5,5,0,100.00%
pymatgen/analysis/pourbaix_diagram.py/num_atoms,5,3,2,60.00%
pymatgen/analysis/pourbaix_diagram.py/to_pretty_string,4,4,0,100.00%
pymatgen/analysis/pourbaix_diagram.py/__repr__,5,3,2,60.00%
pymatgen/analysis/pourbaix_diagram.py/MultiEntry,5,5,0,100.00%
pymatgen/analysis/pourbaix_diagram.py/__init__,9,7,2,77.78%
pymatgen/analysis/pourbaix_diagram.py/__getattr__,5,5,0,100.00%
pymatgen/analysis/pourbaix_diagram.py/name,10,8,2,80.00%
pymatgen/analysis/pourbaix_diagram.py/__repr__,10,6,4,60.00%
pymatgen/analysis/pourbaix_diagram.py/as_dict,10,10,0,100.00%
pymatgen/analysis/pourbaix_diagram.py/from_dict,9,7,2,77.78%
pymatgen/analysis/pourbaix_diagram.py/IonEntry,5,5,0,100.00%
pymatgen/analysis/pourbaix_diagram.py/__init__,13,11,2,84.62%
pymatgen/analysis/pourbaix_diagram.py/from_dict,14,10,4,71.43%
pymatgen/analysis/pourbaix_diagram.py/as_dict,14,13,1,92.86%
pymatgen/analysis/pourbaix_diagram.py/__repr__,15,10,5,66.67%
pymatgen/analysis/pourbaix_diagram.py/ion_or_solid_comp_object,5,3,2,60.00%
pymatgen/analysis/pourbaix_diagram.py/PourbaixDiagram,5,4,1,80.00%
pymatgen/analysis/pourbaix_diagram.py/__init__,18,14,4,77.78%
pymatgen/analysis/pourbaix_diagram.py/_convert_entries_to_points,5,4,1,80.00%
pymatgen/analysis/pourbaix_diagram.py/_get_hull_in_nph_nphi_space,5,5,0,100.00%
pymatgen/analysis/pourbaix_diagram.py/_preprocess_pourbaix_entries,5,5,0,100.00%
pymatgen/analysis/pourbaix_diagram.py/_generate_multielement_entries,5,5,0,100.00%
pymatgen/analysis/pourbaix_diagram.py/process_multientry,5,5,0,100.00%
pymatgen/analysis/pourbaix_diagram.py/get_pourbaix_domains,5,5,0,100.00%
pymatgen/analysis/pourbaix_diagram.py/find_stable_entry,4,4,0,100.00%
pymatgen/analysis/pourbaix_diagram.py/get_decomposition_energy,5,4,1,80.00%
pymatgen/analysis/pourbaix_diagram.py/get_hull_energy,5,4,1,80.00%
pymatgen/analysis/pourbaix_diagram.py/get_stable_entry,5,5,0,100.00%
pymatgen/analysis/pourbaix_diagram.py/stable_entries,5,5,0,100.00%
pymatgen/analysis/pourbaix_diagram.py/unstable_entries,4,3,1,75.00%
pymatgen/analysis/pourbaix_diagram.py/all_entries,4,4,0,100.00%
pymatgen/analysis/pourbaix_diagram.py/unprocessed_entries,4,4,0,100.00%
pymatgen/analysis/pourbaix_diagram.py/as_dict,19,18,1,94.74%
pymatgen/analysis/pourbaix_diagram.py/from_dict,18,14,4,77.78%
pymatgen/analysis/pourbaix_diagram.py/PourbaixPlotter,5,4,1,80.00%
pymatgen/analysis/pourbaix_diagram.py/__init__,22,18,4,81.82%
pymatgen/analysis/pourbaix_diagram.py/show,5,4,1,80.00%
pymatgen/analysis/pourbaix_diagram.py/get_pourbaix_plot,5,5,0,100.00%
pymatgen/analysis/pourbaix_diagram.py/plot_entry_stability,5,3,2,60.00%
pymatgen/analysis/pourbaix_diagram.py/domain_vertices,5,5,0,100.00%
pymatgen/analysis/pourbaix_diagram.py/generate_entry_label,5,5,0,100.00%
pymatgen/analysis/wulff.py/hkl_tuple_to_str,4,4,0,100.00%
pymatgen/analysis/wulff.py/get_tri_area,5,5,0,100.00%
pymatgen/analysis/wulff.py/WulffFacet,4,2,2,50.00%
pymatgen/analysis/wulff.py/__init__,5,5,0,100.00%
pymatgen/analysis/wulff.py/WulffShape,5,5,0,100.00%
pymatgen/analysis/wulff.py/__init__,10,9,1,90.00%
pymatgen/analysis/wulff.py/_get_all_miller_e,5,4,1,80.00%
pymatgen/analysis/wulff.py/_get_cross_pt_dual_simp,5,4,1,80.00%
pymatgen/analysis/wulff.py/_get_simpx_plane,5,5,0,100.00%
pymatgen/analysis/wulff.py/_get_colors,5,5,0,100.00%
pymatgen/analysis/wulff.py/show,4,4,0,100.00%
pymatgen/analysis/wulff.py/get_line_in_facet,5,5,0,100.00%
pymatgen/analysis/wulff.py/get_plot,5,5,0,100.00%
pymatgen/analysis/wulff.py/get_plotly,5,4,1,80.00%
pymatgen/analysis/wulff.py/_get_azimuth_elev,5,2,3,40.00%
pymatgen/analysis/wulff.py/volume,5,4,1,80.00%
pymatgen/analysis/wulff.py/miller_area_dict,4,4,0,100.00%
pymatgen/analysis/wulff.py/miller_energy_dict,5,5,0,100.00%
pymatgen/analysis/wulff.py/surface_area,4,4,0,100.00%
pymatgen/analysis/wulff.py/weighted_surface_energy,5,4,1,80.00%
pymatgen/analysis/wulff.py/area_fraction_dict,5,4,1,80.00%
pymatgen/analysis/wulff.py/anisotropy,5,5,0,100.00%
pymatgen/analysis/wulff.py/shape_factor,4,3,1,75.00%
pymatgen/analysis/wulff.py/effective_radius,5,3,2,60.00%
pymatgen/analysis/wulff.py/total_surface_energy,5,4,1,80.00%
pymatgen/analysis/wulff.py/tot_corner_sites,4,3,1,75.00%
pymatgen/analysis/wulff.py/tot_edges,5,4,1,80.00%
pymatgen/analysis/local_env.py/ValenceIonicRadiusEvaluator,5,5,0,100.00%
pymatgen/analysis/local_env.py/__init__,4,4,0,100.00%
pymatgen/analysis/local_env.py/radii,5,5,0,100.00%
pymatgen/analysis/local_env.py/valences,5,3,2,60.00%
pymatgen/analysis/local_env.py/structure,4,3,1,75.00%
pymatgen/analysis/local_env.py/_get_ionic_radii,5,4,1,80.00%
pymatgen/analysis/local_env.py/nearest_key,5,4,1,80.00%
pymatgen/analysis/local_env.py/_get_valences,5,4,1,80.00%
pymatgen/analysis/local_env.py/_handle_disorder,5,4,1,80.00%
pymatgen/analysis/local_env.py/NearNeighbors,5,4,1,80.00%
pymatgen/analysis/local_env.py/__eq__,5,5,0,100.00%
pymatgen/analysis/local_env.py/__hash__,4,2,2,50.00%
pymatgen/analysis/local_env.py/__repr__,4,2,2,50.00%
pymatgen/analysis/local_env.py/structures_allowed,5,4,1,80.00%
pymatgen/analysis/local_env.py/molecules_allowed,4,3,1,75.00%
pymatgen/analysis/local_env.py/extend_structure_molecules,5,5,0,100.00%
pymatgen/analysis/local_env.py/get_cn,5,5,0,100.00%
pymatgen/analysis/local_env.py/get_cn_dict,5,3,2,60.00%
pymatgen/analysis/local_env.py/get_nn,5,4,1,80.00%
pymatgen/analysis/local_env.py/get_weights_of_nn_sites,5,4,1,80.00%
pymatgen/analysis/local_env.py/get_nn_images,4,4,0,100.00%
pymatgen/analysis/local_env.py/get_nn_info,5,3,2,60.00%
pymatgen/analysis/local_env.py/get_all_nn_info,5,5,0,100.00%
pymatgen/analysis/local_env.py/get_nn_shell_info,5,4,1,80.00%
pymatgen/analysis/local_env.py/_get_nn_shell_info,5,4,1,80.00%
pymatgen/analysis/local_env.py/_get_image,5,5,0,100.00%
pymatgen/analysis/local_env.py/_get_original_site,5,4,1,80.00%
pymatgen/analysis/local_env.py/get_bonded_structure,5,3,2,60.00%
pymatgen/analysis/local_env.py/get_local_order_parameters,5,3,2,60.00%
pymatgen/analysis/local_env.py/VoronoiNN,5,4,1,80.00%
pymatgen/analysis/local_env.py/__init__,9,8,1,88.89%
pymatgen/analysis/local_env.py/structures_allowed,10,7,3,70.00%
pymatgen/analysis/local_env.py/molecules_allowed,8,7,1,87.50%
pymatgen/analysis/local_env.py/get_voronoi_polyhedra,5,5,0,100.00%
pymatgen/analysis/local_env.py/get_all_voronoi_polyhedra,5,5,0,100.00%
pymatgen/analysis/local_env.py/_extract_cell_info,5,4,1,80.00%
pymatgen/analysis/local_env.py/get_nn_info,9,7,2,77.78%
pymatgen/analysis/local_env.py/get_all_nn_info,9,9,0,100.00%
pymatgen/analysis/local_env.py/_extract_nn_info,5,5,0,100.00%
pymatgen/analysis/local_env.py/IsayevNN,5,5,0,100.00%
pymatgen/analysis/local_env.py/__init__,14,13,1,92.86%
pymatgen/analysis/local_env.py/get_nn_info,14,11,3,78.57%
pymatgen/analysis/local_env.py/get_all_nn_info,13,12,1,92.31%
pymatgen/analysis/local_env.py/_filter_nns,5,5,0,100.00%
pymatgen/analysis/local_env.py/_is_in_targets,5,4,1,80.00%
pymatgen/analysis/local_env.py/_get_elements,5,5,0,100.00%
pymatgen/analysis/local_env.py/JmolNN,5,5,0,100.00%
pymatgen/analysis/local_env.py/__init__,19,18,1,94.74%
pymatgen/analysis/local_env.py/structures_allowed,14,10,4,71.43%
pymatgen/analysis/local_env.py/molecules_allowed,12,10,2,83.33%
pymatgen/analysis/local_env.py/extend_structure_molecules,10,9,1,90.00%
pymatgen/analysis/local_env.py/get_max_bond_distance,5,5,0,100.00%
pymatgen/analysis/local_env.py/get_nn_info,19,16,3,84.21%
pymatgen/analysis/local_env.py/MinimumDistanceNN,5,5,0,100.00%
pymatgen/analysis/local_env.py/__init__,24,21,3,87.50%
pymatgen/analysis/local_env.py/structures_allowed,18,14,4,77.78%
pymatgen/analysis/local_env.py/molecules_allowed,16,13,3,81.25%
pymatgen/analysis/local_env.py/extend_structure_molecules,15,14,1,93.33%
pymatgen/analysis/local_env.py/get_nn_info,24,19,5,79.17%
pymatgen/analysis/local_env.py/OpenBabelNN,5,4,1,80.00%
pymatgen/analysis/local_env.py/__init__,29,25,4,86.21%
pymatgen/analysis/local_env.py/structures_allowed,22,18,4,81.82%
pymatgen/analysis/local_env.py/molecules_allowed,20,16,4,80.00%
pymatgen/analysis/local_env.py/extend_structure_molecules,19,15,4,78.95%
pymatgen/analysis/local_env.py/get_nn_info,29,24,5,82.76%
pymatgen/analysis/local_env.py/get_bonded_structure,10,8,2,80.00%
pymatgen/analysis/local_env.py/get_nn_shell_info,10,8,2,80.00%
pymatgen/analysis/local_env.py/CovalentBondNN,5,4,1,80.00%
pymatgen/analysis/local_env.py/__init__,34,29,5,85.29%
pymatgen/analysis/local_env.py/structures_allowed,26,22,4,84.62%
pymatgen/analysis/local_env.py/molecules_allowed,24,19,5,79.17%
pymatgen/analysis/local_env.py/extend_structure_molecules,24,19,5,79.17%
pymatgen/analysis/local_env.py/get_nn_info,34,26,8,76.47%
pymatgen/analysis/local_env.py/get_bonded_structure,14,11,3,78.57%
pymatgen/analysis/local_env.py/get_nn_shell_info,14,9,5,64.29%
pymatgen/analysis/local_env.py/MinimumOKeeffeNN,4,4,0,100.00%
pymatgen/analysis/local_env.py/__init__,39,34,5,87.18%
pymatgen/analysis/local_env.py/structures_allowed,31,27,4,87.10%
pymatgen/analysis/local_env.py/molecules_allowed,29,23,6,79.31%
pymatgen/analysis/local_env.py/extend_structure_molecules,28,21,7,75.00%
pymatgen/analysis/local_env.py/get_nn_info,39,30,9,76.92%
pymatgen/analysis/local_env.py/MinimumVIRENN,5,4,1,80.00%
pymatgen/analysis/local_env.py/__init__,44,38,6,86.36%
pymatgen/analysis/local_env.py/structures_allowed,35,28,7,80.00%
pymatgen/analysis/local_env.py/molecules_allowed,33,27,6,81.82%
pymatgen/analysis/local_env.py/get_nn_info,44,35,9,79.55%
pymatgen/analysis/local_env.py/_get_vire,5,4,1,80.00%
pymatgen/analysis/local_env.py/_get_vire_istructure,5,4,1,80.00%
pymatgen/analysis/local_env.py/solid_angle,5,3,2,60.00%
pymatgen/analysis/local_env.py/vol_tetra,5,5,0,100.00%
pymatgen/analysis/local_env.py/get_okeeffe_params,5,5,0,100.00%
pymatgen/analysis/local_env.py/get_okeeffe_distance_prediction,5,4,1,80.00%
pymatgen/analysis/local_env.py/get_neighbors_of_site_with_index,5,4,1,80.00%
pymatgen/analysis/local_env.py/site_is_of_motif_type,5,4,1,80.00%
pymatgen/analysis/local_env.py/gramschmidt,4,4,0,100.00%
pymatgen/analysis/local_env.py/LocalStructOrderParams,5,5,0,100.00%
pymatgen/analysis/local_env.py/__init__,49,42,7,85.71%
pymatgen/analysis/local_env.py/num_ops,4,2,2,50.00%
pymatgen/analysis/local_env.py/last_nneigh,4,3,1,75.00%
pymatgen/analysis/local_env.py/compute_trigonometric_terms,5,5,0,100.00%
pymatgen/analysis/local_env.py/get_q2,5,4,1,80.00%
pymatgen/analysis/local_env.py/get_q4,5,4,1,80.00%
pymatgen/analysis/local_env.py/get_q6,5,4,1,80.00%
pymatgen/analysis/local_env.py/get_type,5,5,0,100.00%
pymatgen/analysis/local_env.py/get_parameters,5,2,3,40.00%
pymatgen/analysis/local_env.py/get_order_parameters,5,4,1,80.00%
pymatgen/analysis/local_env.py/BrunnerNNReciprocal,5,5,0,100.00%
pymatgen/analysis/local_env.py/__init__,53,46,7,86.79%
pymatgen/analysis/local_env.py/structures_allowed,39,31,8,79.49%
pymatgen/analysis/local_env.py/molecules_allowed,38,32,6,84.21%
pymatgen/analysis/local_env.py/get_nn_info,49,39,10,79.59%
pymatgen/analysis/local_env.py/BrunnerNN_reciprocal,4,4,0,100.00%
pymatgen/analysis/local_env.py/BrunnerNNRelative,5,5,0,100.00%
pymatgen/analysis/local_env.py/__init__,58,50,8,86.21%
pymatgen/analysis/local_env.py/structures_allowed,43,35,8,81.40%
pymatgen/analysis/local_env.py/molecules_allowed,43,36,7,83.72%
pymatgen/analysis/local_env.py/get_nn_info,54,43,11,79.63%
pymatgen/analysis/local_env.py/BrunnerNN_relative,5,3,2,60.00%
pymatgen/analysis/local_env.py/BrunnerNNReal,5,5,0,100.00%
pymatgen/analysis/local_env.py/__init__,63,54,9,85.71%
pymatgen/analysis/local_env.py/structures_allowed,48,39,9,81.25%
pymatgen/analysis/local_env.py/molecules_allowed,48,41,7,85.42%
pymatgen/analysis/local_env.py/get_nn_info,59,48,11,81.36%
pymatgen/analysis/local_env.py/BrunnerNN_real,5,5,0,100.00%
pymatgen/analysis/local_env.py/EconNN,5,4,1,80.00%
pymatgen/analysis/local_env.py/__init__,67,58,9,86.57%
pymatgen/analysis/local_env.py/structures_allowed,52,43,9,82.69%
pymatgen/analysis/local_env.py/molecules_allowed,53,45,8,84.91%
pymatgen/analysis/local_env.py/extend_structure_molecules,32,25,7,78.12%
pymatgen/analysis/local_env.py/get_nn_info,64,51,13,79.69%
pymatgen/analysis/local_env.py/_get_fictive_ionic_radius,4,2,2,50.00%
pymatgen/analysis/local_env.py/_get_mean_fictive_ionic_radius,5,5,0,100.00%
pymatgen/analysis/local_env.py/CrystalNN,5,5,0,100.00%
pymatgen/analysis/local_env.py/NNData,5,4,1,80.00%
pymatgen/analysis/local_env.py/__init__,72,62,10,86.11%
pymatgen/analysis/local_env.py/structures_allowed,55,46,9,83.64%
pymatgen/analysis/local_env.py/molecules_allowed,58,50,8,86.21%
pymatgen/analysis/local_env.py/get_nn_info,69,55,14,79.71%
pymatgen/analysis/local_env.py/get_nn_data,5,1,4,20.00%
pymatgen/analysis/local_env.py/get_cn,9,9,0,100.00%
pymatgen/analysis/local_env.py/get_cn_dict,10,7,3,70.00%
pymatgen/analysis/local_env.py/_semicircle_integral,5,5,0,100.00%
pymatgen/analysis/local_env.py/transform_to_length,5,4,1,80.00%
pymatgen/analysis/local_env.py/_get_default_radius,5,4,1,80.00%
pymatgen/analysis/local_env.py/_get_radius,5,3,2,60.00%
pymatgen/analysis/local_env.py/CutOffDictNN,5,4,1,80.00%
pymatgen/analysis/local_env.py/__init__,77,66,11,85.71%
pymatgen/analysis/local_env.py/structures_allowed,59,49,10,83.05%
pymatgen/analysis/local_env.py/molecules_allowed,63,53,10,84.13%
pymatgen/analysis/local_env.py/extend_structure_molecules,37,28,9,75.68%
pymatgen/analysis/local_env.py/from_preset,5,4,1,80.00%
pymatgen/analysis/local_env.py/get_nn_info,74,59,15,79.73%
pymatgen/analysis/local_env.py/Critic2NN,5,5,0,100.00%
pymatgen/analysis/local_env.py/__init__,82,70,12,85.37%
pymatgen/analysis/local_env.py/structures_allowed,63,52,11,82.54%
pymatgen/analysis/local_env.py/molecules_allowed,67,56,11,83.58%
pymatgen/analysis/local_env.py/extend_structure_molecules,41,31,10,75.61%
pymatgen/analysis/local_env.py/get_bonded_structure,19,16,3,84.21%
pymatgen/analysis/local_env.py/get_nn_info,79,63,16,79.75%
pymatgen/analysis/local_env.py/oxygen_edge_extender,5,4,1,80.00%
pymatgen/analysis/local_env.py/metal_edge_extender,5,5,0,100.00%
pymatgen/analysis/phase_diagram.py/PDEntry,5,5,0,100.00%
pymatgen/analysis/phase_diagram.py/__init__,4,4,0,100.00%
pymatgen/analysis/phase_diagram.py/__repr__,5,5,0,100.00%
pymatgen/analysis/phase_diagram.py/energy,5,5,0,100.00%
pymatgen/analysis/phase_diagram.py/as_dict,5,3,2,60.00%
pymatgen/analysis/phase_diagram.py/from_dict,5,4,1,80.00%
pymatgen/analysis/phase_diagram.py/GrandPotPDEntry,5,5,0,100.00%
pymatgen/analysis/phase_diagram.py/__init__,9,9,0,100.00%
pymatgen/analysis/phase_diagram.py/composition,4,3,1,75.00%
pymatgen/analysis/phase_diagram.py/chemical_energy,4,4,0,100.00%
pymatgen/analysis/phase_diagram.py/energy,9,7,2,77.78%
pymatgen/analysis/phase_diagram.py/__repr__,9,9,0,100.00%
pymatgen/analysis/phase_diagram.py/as_dict,10,7,3,70.00%
pymatgen/analysis/phase_diagram.py/from_dict,10,9,1,90.00%
pymatgen/analysis/phase_diagram.py/TransformedPDEntry,5,5,0,100.00%
pymatgen/analysis/phase_diagram.py/__init__,14,14,0,100.00%
pymatgen/analysis/phase_diagram.py/composition,9,7,2,77.78%
pymatgen/analysis/phase_diagram.py/__repr__,13,11,2,84.62%
pymatgen/analysis/phase_diagram.py/as_dict,14,10,4,71.43%
pymatgen/analysis/phase_diagram.py/from_dict,15,13,2,86.67%
pymatgen/analysis/phase_diagram.py/TransformedPDEntryError,4,2,2,50.00%
pymatgen/analysis/phase_diagram.py/PhaseDiagram,5,5,0,100.00%
pymatgen/analysis/phase_diagram.py/__init__,19,18,1,94.74%
pymatgen/analysis/phase_diagram.py/as_dict,19,15,4,78.95%
pymatgen/analysis/phase_diagram.py/from_dict,20,17,3,85.00%
pymatgen/analysis/phase_diagram.py/_compute,5,5,0,100.00%
pymatgen/analysis/phase_diagram.py/pd_coords,5,4,1,80.00%
pymatgen/analysis/phase_diagram.py/all_entries_hulldata,4,4,0,100.00%
pymatgen/analysis/phase_diagram.py/unstable_entries,5,4,1,80.00%
pymatgen/analysis/phase_diagram.py/stable_entries,4,3,1,75.00%
pymatgen/analysis/phase_diagram.py/_get_stable_entries_in_space,5,4,1,80.00%
pymatgen/analysis/phase_diagram.py/get_reference_energy,4,3,1,75.00%
pymatgen/analysis/phase_diagram.py/get_reference_energy_per_atom,4,4,0,100.00%
pymatgen/analysis/phase_diagram.py/get_form_energy,5,3,2,60.00%
pymatgen/analysis/phase_diagram.py/get_form_energy_per_atom,5,3,2,60.00%
pymatgen/analysis/phase_diagram.py/__repr__,18,16,2,88.89%
pymatgen/analysis/phase_diagram.py/_get_facet_and_simplex,5,4,1,80.00%
pymatgen/analysis/phase_diagram.py/_get_all_facets_and_simplexes,5,3,2,60.00%
pymatgen/analysis/phase_diagram.py/_get_facet_chempots,5,4,1,80.00%
pymatgen/analysis/phase_diagram.py/_get_simplex_intersections,5,2,3,40.00%
pymatgen/analysis/phase_diagram.py/get_decomposition,5,4,1,80.00%
pymatgen/analysis/phase_diagram.py/get_decomp_and_hull_energy_per_atom,5,4,1,80.00%
pymatgen/analysis/phase_diagram.py/get_hull_energy_per_atom,5,5,0,100.00%
pymatgen/analysis/phase_diagram.py/get_hull_energy,5,3,2,60.00%
pymatgen/analysis/phase_diagram.py/get_decomp_and_e_above_hull,5,4,1,80.00%
pymatgen/analysis/phase_diagram.py/get_e_above_hull,5,2,3,40.00%
pymatgen/analysis/phase_diagram.py/get_equilibrium_reaction_energy,5,4,1,80.00%
pymatgen/analysis/phase_diagram.py/get_decomp_and_phase_separation_energy,5,5,0,100.00%
pymatgen/analysis/phase_diagram.py/get_phase_separation_energy,5,3,2,60.00%
pymatgen/analysis/phase_diagram.py/get_composition_chempots,5,4,1,80.00%
pymatgen/analysis/phase_diagram.py/get_all_chempots,5,4,1,80.00%
pymatgen/analysis/phase_diagram.py/get_transition_chempots,5,5,0,100.00%
pymatgen/analysis/phase_diagram.py/get_critical_compositions,5,2,3,40.00%
pymatgen/analysis/phase_diagram.py/get_element_profile,5,5,0,100.00%
pymatgen/analysis/phase_diagram.py/get_chempot_range_map,5,5,0,100.00%
pymatgen/analysis/phase_diagram.py/getmu_vertices_stability_phase,5,5,0,100.00%
pymatgen/analysis/phase_diagram.py/get_chempot_range_stability_phase,5,4,1,80.00%
pymatgen/analysis/phase_diagram.py/get_plot,5,5,0,100.00%
pymatgen/analysis/phase_diagram.py/GrandPotentialPhaseDiagram,5,4,1,80.00%
pymatgen/analysis/phase_diagram.py/__init__,24,23,1,95.83%
pymatgen/analysis/phase_diagram.py/__repr__,23,20,3,86.96%
pymatgen/analysis/phase_diagram.py/as_dict,24,19,5,79.17%
pymatgen/analysis/phase_diagram.py/from_dict,25,21,4,84.00%
pymatgen/analysis/phase_diagram.py/CompoundPhaseDiagram,5,5,0,100.00%
pymatgen/analysis/phase_diagram.py/__init__,29,28,1,96.55%
pymatgen/analysis/phase_diagram.py/transform_entries,5,5,0,100.00%
pymatgen/analysis/phase_diagram.py/as_dict,29,24,5,82.76%
pymatgen/analysis/phase_diagram.py/from_dict,30,26,4,86.67%
pymatgen/analysis/phase_diagram.py/PatchedPhaseDiagram,5,4,1,80.00%
pymatgen/analysis/phase_diagram.py/__init__,34,32,2,94.12%
pymatgen/analysis/phase_diagram.py/__repr__,27,24,3,88.89%
pymatgen/analysis/phase_diagram.py/__len__,5,4,1,80.00%
pymatgen/analysis/phase_diagram.py/__getitem__,4,4,0,100.00%
pymatgen/analysis/phase_diagram.py/__setitem__,4,4,0,100.00%
pymatgen/analysis/phase_diagram.py/__delitem__,4,3,1,75.00%
pymatgen/analysis/phase_diagram.py/__iter__,4,4,0,100.00%
pymatgen/analysis/phase_diagram.py/__contains__,5,3,2,60.00%
pymatgen/analysis/phase_diagram.py/as_dict,33,28,5,84.85%
pymatgen/analysis/phase_diagram.py/from_dict,34,30,4,88.24%
pymatgen/analysis/phase_diagram.py/remove_redundant_spaces,5,4,1,80.00%
pymatgen/analysis/phase_diagram.py/get_pd_for_entry,5,5,0,100.00%
pymatgen/analysis/phase_diagram.py/get_decomposition,10,9,1,90.00%
pymatgen/analysis/phase_diagram.py/get_equilibrium_reaction_energy,10,8,2,80.00%
pymatgen/analysis/phase_diagram.py/get_decomp_and_e_above_hull,10,8,2,80.00%
pymatgen/analysis/phase_diagram.py/_get_pd_patch_for_space,5,5,0,100.00%
pymatgen/analysis/phase_diagram.py/_get_facet_and_simplex,10,8,2,80.00%
pymatgen/analysis/phase_diagram.py/_get_all_facets_and_simplexes,9,6,3,66.67%
pymatgen/analysis/phase_diagram.py/_get_facet_chempots,10,9,1,90.00%
pymatgen/analysis/phase_diagram.py/_get_simplex_intersections,9,5,4,55.56%
pymatgen/analysis/phase_diagram.py/get_composition_chempots,10,8,2,80.00%
pymatgen/analysis/phase_diagram.py/get_all_chempots,10,7,3,70.00%
pymatgen/analysis/phase_diagram.py/get_transition_chempots,9,8,1,88.89%
pymatgen/analysis/phase_diagram.py/get_critical_compositions,9,5,4,55.56%
pymatgen/analysis/phase_diagram.py/get_element_profile,9,9,0,100.00%
pymatgen/analysis/phase_diagram.py/get_chempot_range_map,9,8,1,88.89%
pymatgen/analysis/phase_diagram.py/getmu_vertices_stability_phase,10,10,0,100.00%
pymatgen/analysis/phase_diagram.py/get_chempot_range_stability_phase,10,9,1,90.00%
pymatgen/analysis/phase_diagram.py/ReactionDiagram,5,5,0,100.00%
pymatgen/analysis/phase_diagram.py/__init__,39,36,3,92.31%
pymatgen/analysis/phase_diagram.py/fmt,5,5,0,100.00%
pymatgen/analysis/phase_diagram.py/get_compound_pd,4,4,0,100.00%
pymatgen/analysis/phase_diagram.py/PhaseDiagramError,4,4,0,100.00%
pymatgen/analysis/phase_diagram.py/get_facets,5,5,0,100.00%
pymatgen/analysis/phase_diagram.py/_get_slsqp_decomp,5,5,0,100.00%
pymatgen/analysis/phase_diagram.py/PDPlotter,5,3,2,60.00%
pymatgen/analysis/phase_diagram.py/__init__,44,40,4,90.91%
pymatgen/analysis/phase_diagram.py/get_plot,10,10,0,100.00%
pymatgen/analysis/phase_diagram.py/show,5,5,0,100.00%
pymatgen/analysis/phase_diagram.py/write_image,5,4,1,80.00%
pymatgen/analysis/phase_diagram.py/plot_element_profile,5,4,1,80.00%
pymatgen/analysis/phase_diagram.py/plot_chempot_range_map,5,5,0,100.00%
pymatgen/analysis/phase_diagram.py/get_chempot_range_map_plot,5,3,2,60.00%
pymatgen/analysis/phase_diagram.py/get_contour_pd_plot,5,4,1,80.00%
pymatgen/analysis/phase_diagram.py/pd_plot_data,5,5,0,100.00%
pymatgen/analysis/phase_diagram.py/_create_plotly_figure_layout,5,5,0,100.00%
pymatgen/analysis/phase_diagram.py/_create_plotly_lines,5,5,0,100.00%
pymatgen/analysis/phase_diagram.py/_create_plotly_fill,5,5,0,100.00%
pymatgen/analysis/phase_diagram.py/_create_plotly_stable_labels,5,4,1,80.00%
pymatgen/analysis/phase_diagram.py/_create_plotly_element_annotations,5,2,3,40.00%
pymatgen/analysis/phase_diagram.py/_create_plotly_markers,5,4,1,80.00%
pymatgen/analysis/phase_diagram.py/get_marker_props,5,5,0,100.00%
pymatgen/analysis/phase_diagram.py/_create_plotly_uncertainty_shading,5,5,0,100.00%
pymatgen/analysis/phase_diagram.py/_create_plotly_ternary_support_lines,5,5,0,100.00%
pymatgen/analysis/phase_diagram.py/_get_matplotlib_2d_plot,5,2,3,40.00%
pymatgen/analysis/phase_diagram.py/_get_matplotlib_3d_plot,5,3,2,60.00%
pymatgen/analysis/phase_diagram.py/uniquelines,4,3,1,75.00%
pymatgen/analysis/phase_diagram.py/triangular_coord,4,4,0,100.00%
pymatgen/analysis/phase_diagram.py/tet_coord,4,2,2,50.00%
pymatgen/analysis/phase_diagram.py/order_phase_diagram,5,2,3,40.00%
pymatgen/analysis/molecule_matcher.py/AbstractMolAtomMapper,5,4,1,80.00%
pymatgen/analysis/molecule_matcher.py/uniform_labels,5,5,0,100.00%
pymatgen/analysis/molecule_matcher.py/get_molecule_hash,5,5,0,100.00%
pymatgen/analysis/molecule_matcher.py/from_dict,5,4,1,80.00%
pymatgen/analysis/molecule_matcher.py/IsomorphismMolAtomMapper,5,4,1,80.00%
pymatgen/analysis/molecule_matcher.py/uniform_labels,10,9,1,90.00%
pymatgen/analysis/molecule_matcher.py/get_molecule_hash,10,10,0,100.00%
pymatgen/analysis/molecule_matcher.py/as_dict,4,3,1,75.00%
pymatgen/analysis/molecule_matcher.py/from_dict,10,8,2,80.00%
pymatgen/analysis/molecule_matcher.py/InchiMolAtomMapper,5,4,1,80.00%
pymatgen/analysis/molecule_matcher.py/__init__,5,4,1,80.00%
pymatgen/analysis/molecule_matcher.py/as_dict,8,6,2,75.00%
pymatgen/analysis/molecule_matcher.py/from_dict,14,11,3,78.57%
pymatgen/analysis/molecule_matcher.py/_inchi_labels,5,2,3,40.00%
pymatgen/analysis/molecule_matcher.py/_group_centroid,5,4,1,80.00%
pymatgen/analysis/molecule_matcher.py/_virtual_molecule,5,5,0,100.00%
pymatgen/analysis/molecule_matcher.py/_align_heavy_atoms,5,5,0,100.00%
pymatgen/analysis/molecule_matcher.py/_align_hydrogen_atoms,5,4,1,80.00%
pymatgen/analysis/molecule_matcher.py/_get_elements,4,4,0,100.00%
pymatgen/analysis/molecule_matcher.py/_is_molecule_linear,5,5,0,100.00%
pymatgen/analysis/molecule_matcher.py/uniform_labels,15,14,1,93.33%
pymatgen/analysis/molecule_matcher.py/get_molecule_hash,15,15,0,100.00%
pymatgen/analysis/molecule_matcher.py/MoleculeMatcher,5,5,0,100.00%
pymatgen/analysis/molecule_matcher.py/__init__,9,8,1,88.89%
pymatgen/analysis/molecule_matcher.py/fit,5,5,0,100.00%
pymatgen/analysis/molecule_matcher.py/get_rmsd,5,5,0,100.00%
pymatgen/analysis/molecule_matcher.py/_calc_rms,5,4,1,80.00%
pymatgen/analysis/molecule_matcher.py/group_molecules,5,4,1,80.00%
pymatgen/analysis/molecule_matcher.py/as_dict,13,11,2,84.62%
pymatgen/analysis/molecule_matcher.py/from_dict,19,14,5,73.68%
pymatgen/analysis/molecule_matcher.py/KabschMatcher,5,5,0,100.00%
pymatgen/analysis/molecule_matcher.py/__init__,13,12,1,92.31%
pymatgen/analysis/molecule_matcher.py/match,5,5,0,100.00%
pymatgen/analysis/molecule_matcher.py/fit,10,10,0,100.00%
pymatgen/analysis/molecule_matcher.py/kabsch,5,4,1,80.00%
pymatgen/analysis/molecule_matcher.py/BruteForceOrderMatcher,5,5,0,100.00%
pymatgen/analysis/molecule_matcher.py/match,10,10,0,100.00%
pymatgen/analysis/molecule_matcher.py/fit,15,13,2,86.67%
pymatgen/analysis/molecule_matcher.py/permutations,5,3,2,60.00%
pymatgen/analysis/molecule_matcher.py/HungarianOrderMatcher,5,4,1,80.00%
pymatgen/analysis/molecule_matcher.py/match,15,14,1,93.33%
pymatgen/analysis/molecule_matcher.py/fit,20,18,2,90.00%
pymatgen/analysis/molecule_matcher.py/permutations,10,8,2,80.00%
pymatgen/analysis/molecule_matcher.py/get_principal_axis,4,3,1,75.00%
pymatgen/analysis/molecule_matcher.py/rotation_matrix_vectors,5,5,0,100.00%
pymatgen/analysis/molecule_matcher.py/GeneticOrderMatcher,5,4,1,80.00%
pymatgen/analysis/molecule_matcher.py/__init__,17,16,1,94.12%
pymatgen/analysis/molecule_matcher.py/match,20,18,2,90.00%
pymatgen/analysis/molecule_matcher.py/fit,24,22,2,91.67%
pymatgen/analysis/molecule_matcher.py/permutations,15,13,2,86.67%
pymatgen/analysis/structure_analyzer.py/average_coordination_number,5,5,0,100.00%
pymatgen/analysis/structure_analyzer.py/VoronoiAnalyzer,5,4,1,80.00%
pymatgen/analysis/structure_analyzer.py/__init__,4,3,1,75.00%
pymatgen/analysis/structure_analyzer.py/analyze,5,4,1,80.00%
pymatgen/analysis/structure_analyzer.py/analyze_structures,4,3,1,75.00%
pymatgen/analysis/structure_analyzer.py/plot_vor_analysis,5,4,1,80.00%
pymatgen/analysis/structure_analyzer.py/RelaxationAnalyzer,5,4,1,80.00%
pymatgen/analysis/structure_analyzer.py/__init__,8,7,1,87.50%
pymatgen/analysis/structure_analyzer.py/get_percentage_volume_change,5,5,0,100.00%
pymatgen/analysis/structure_analyzer.py/get_percentage_lattice_parameter_changes,5,5,0,100.00%
pymatgen/analysis/structure_analyzer.py/get_percentage_bond_dist_changes,5,4,1,80.00%
pymatgen/analysis/structure_analyzer.py/VoronoiConnectivity,5,3,2,60.00%
pymatgen/analysis/structure_analyzer.py/__init__,13,11,2,84.62%
pymatgen/analysis/structure_analyzer.py/connectivity_array,5,3,2,60.00%
pymatgen/analysis/structure_analyzer.py/max_connectivity,5,5,0,100.00%
pymatgen/analysis/structure_analyzer.py/get_connections,5,4,1,80.00%
pymatgen/analysis/structure_analyzer.py/get_sitej,5,5,0,100.00%
pymatgen/analysis/structure_analyzer.py/solid_angle,5,4,1,80.00%
pymatgen/analysis/structure_analyzer.py/get_max_bond_lengths,5,4,1,80.00%
pymatgen/analysis/structure_analyzer.py/contains_peroxide,5,4,1,80.00%
pymatgen/analysis/structure_analyzer.py/OxideType,5,3,2,60.00%
pymatgen/analysis/structure_analyzer.py/__init__,18,15,3,83.33%
pymatgen/analysis/structure_analyzer.py/parse_oxide,5,2,3,40.00%
pymatgen/analysis/structure_analyzer.py/oxide_type,5,4,1,80.00%
pymatgen/analysis/structure_analyzer.py/sulfide_type,5,3,2,60.00%
pymatgen/analysis/structure_analyzer.py/process_site,5,2,3,40.00%
pymatgen/analysis/bond_dissociation.py/BondDissociationEnergies,5,4,1,80.00%
pymatgen/analysis/bond_dissociation.py/__init__,5,5,0,100.00%
pymatgen/analysis/bond_dissociation.py/fragment_and_process,5,4,1,80.00%
pymatgen/analysis/bond_dissociation.py/search_fragment_entries,5,4,1,80.00%
pymatgen/analysis/bond_dissociation.py/filter_fragment_entries,5,4,1,80.00%
pymatgen/analysis/bond_dissociation.py/build_new_entry,5,4,1,80.00%
pymatgen/analysis/prototypes.py/AflowPrototypeMatcher,5,4,1,80.00%
pymatgen/analysis/prototypes.py/__init__,5,3,2,60.00%
pymatgen/analysis/prototypes.py/_match_prototype,5,4,1,80.00%
pymatgen/analysis/prototypes.py/_match_single_prototype,5,5,0,100.00%
pymatgen/analysis/prototypes.py/get_prototypes,5,5,0,100.00%
pymatgen/analysis/xps.py/_load_cross_sections,5,5,0,100.00%
pymatgen/analysis/xps.py/XPS,5,5,0,100.00%
pymatgen/analysis/xps.py/from_dos,5,4,1,80.00%
pymatgen/analysis/piezo.py/PiezoTensor,5,2,3,40.00%
pymatgen/analysis/piezo.py/__new__,5,4,1,80.00%
pymatgen/analysis/piezo.py/from_vasp_voigt,5,3,2,60.00%
pymatgen/analysis/ewald.py/EwaldSummation,5,5,0,100.00%
pymatgen/analysis/ewald.py/__init__,5,4,1,80.00%
pymatgen/analysis/ewald.py/compute_partial_energy,5,3,2,60.00%
pymatgen/analysis/ewald.py/compute_sub_structure,5,4,1,80.00%
pymatgen/analysis/ewald.py/find_match,5,4,1,80.00%
pymatgen/analysis/ewald.py/reciprocal_space_energy,5,5,0,100.00%
pymatgen/analysis/ewald.py/reciprocal_space_energy_matrix,5,4,1,80.00%
pymatgen/analysis/ewald.py/real_space_energy,5,4,1,80.00%
pymatgen/analysis/ewald.py/real_space_energy_matrix,5,5,0,100.00%
pymatgen/analysis/ewald.py/point_energy,4,1,3,25.00%
pymatgen/analysis/ewald.py/point_energy_matrix,4,3,1,75.00%
pymatgen/analysis/ewald.py/total_energy,5,3,2,60.00%
pymatgen/analysis/ewald.py/total_energy_matrix,5,4,1,80.00%
pymatgen/analysis/ewald.py/forces,5,5,0,100.00%
pymatgen/analysis/ewald.py/get_site_energy,5,4,1,80.00%
pymatgen/analysis/ewald.py/_calc_ewald_terms,5,5,0,100.00%
pymatgen/analysis/ewald.py/_calc_recip,5,3,2,60.00%
pymatgen/analysis/ewald.py/_calc_real_and_point,5,5,0,100.00%
pymatgen/analysis/ewald.py/eta,5,4,1,80.00%
pymatgen/analysis/ewald.py/__str__,5,4,1,80.00%
pymatgen/analysis/ewald.py/as_dict,5,5,0,100.00%
pymatgen/analysis/ewald.py/from_dict,5,5,0,100.00%
pymatgen/analysis/ewald.py/EwaldMinimizer,5,5,0,100.00%
pymatgen/analysis/ewald.py/__init__,10,7,3,70.00%
pymatgen/analysis/ewald.py/minimize_matrix,5,3,2,60.00%
pymatgen/analysis/ewald.py/add_m_list,5,4,1,80.00%
pymatgen/analysis/ewald.py/best_case,5,5,0,100.00%
pymatgen/analysis/ewald.py/get_next_index,5,5,0,100.00%
pymatgen/analysis/ewald.py/_recurse,5,4,1,80.00%
pymatgen/analysis/ewald.py/best_m_list,5,3,2,60.00%
pymatgen/analysis/ewald.py/minimized_sum,4,1,3,25.00%
pymatgen/analysis/ewald.py/output_lists,5,5,0,100.00%
pymatgen/analysis/ewald.py/compute_average_oxidation_state,5,5,0,100.00%
pymatgen/analysis/nmr.py/ChemicalShielding,5,3,2,60.00%
pymatgen/analysis/nmr.py/HaeberlenNotation,5,4,1,80.00%
pymatgen/analysis/nmr.py/MehringNotation,5,5,0,100.00%
pymatgen/analysis/nmr.py/MarylandNotation,5,4,1,80.00%
pymatgen/analysis/nmr.py/__new__,4,3,1,75.00%
pymatgen/analysis/nmr.py/principal_axis_system,5,4,1,80.00%
pymatgen/analysis/nmr.py/haeberlen_values,5,4,1,80.00%
pymatgen/analysis/nmr.py/mehring_values,5,5,0,100.00%
pymatgen/analysis/nmr.py/maryland_values,5,5,0,100.00%
pymatgen/analysis/nmr.py/from_maryland_notation,4,4,0,100.00%
pymatgen/analysis/nmr.py/ElectricFieldGradient,5,2,3,40.00%
pymatgen/analysis/nmr.py/__new__,9,6,3,66.67%
pymatgen/analysis/nmr.py/principal_axis_system,10,9,1,90.00%
pymatgen/analysis/nmr.py/V_xx,4,2,2,50.00%
pymatgen/analysis/nmr.py/V_yy,5,5,0,100.00%
pymatgen/analysis/nmr.py/V_zz,4,3,1,75.00%
pymatgen/analysis/nmr.py/asymmetry,5,5,0,100.00%
pymatgen/analysis/nmr.py/coupling_constant,5,5,0,100.00%
pymatgen/analysis/molecule_structure_comparator.py/CovalentRadius,5,5,0,100.00%
pymatgen/analysis/molecule_structure_comparator.py/MoleculeStructureComparator,5,5,0,100.00%
pymatgen/analysis/molecule_structure_comparator.py/__init__,5,4,1,80.00%
pymatgen/analysis/molecule_structure_comparator.py/are_equal,4,3,1,75.00%
pymatgen/analysis/molecule_structure_comparator.py/get_13_bonds,5,3,2,60.00%
pymatgen/analysis/molecule_structure_comparator.py/_get_bonds,5,5,0,100.00%
pymatgen/analysis/molecule_structure_comparator.py/as_dict,5,4,1,80.00%
pymatgen/analysis/molecule_structure_comparator.py/from_dict,5,3,2,60.00%
pymatgen/analysis/thermochemistry.py/ThermoData,5,5,0,100.00%
pymatgen/analysis/thermochemistry.py/__init__,5,5,0,100.00%
pymatgen/analysis/thermochemistry.py/from_dict,5,5,0,100.00%
pymatgen/analysis/thermochemistry.py/as_dict,5,5,0,100.00%
pymatgen/analysis/thermochemistry.py/__repr__,5,2,3,40.00%
pymatgen/analysis/thermochemistry.py/__str__,5,5,0,100.00%
pymatgen/analysis/bond_valence.py/calculate_bv_sum,5,3,2,60.00%
pymatgen/analysis/bond_valence.py/calculate_bv_sum_unordered,5,5,0,100.00%
pymatgen/analysis/bond_valence.py/BVAnalyzer,5,4,1,80.00%
pymatgen/analysis/bond_valence.py/__init__,5,5,0,100.00%
pymatgen/analysis/bond_valence.py/_calc_site_probabilities,5,4,1,80.00%
pymatgen/analysis/bond_valence.py/_calc_site_probabilities_unordered,5,4,1,80.00%
pymatgen/analysis/bond_valence.py/get_valences,5,5,0,100.00%
pymatgen/analysis/bond_valence.py/evaluate_assignment,4,3,1,75.00%
pymatgen/analysis/bond_valence.py/_recurse,5,5,0,100.00%
pymatgen/analysis/bond_valence.py/evaluate_assignment,9,6,3,66.67%
pymatgen/analysis/bond_valence.py/_recurse,10,10,0,100.00%
pymatgen/analysis/bond_valence.py/get_oxi_state_decorated_structure,5,5,0,100.00%
pymatgen/analysis/bond_valence.py/get_z_ordered_elmap,5,3,2,60.00%
pymatgen/analysis/bond_valence.py/add_oxidation_state_by_site_fraction,5,4,1,80.00%
pymatgen/analysis/excitation.py/ExcitationSpectrum,4,4,0,100.00%
pymatgen/analysis/excitation.py/__init__,4,4,0,100.00%
pymatgen/analysis/cost.py/CostEntry,4,3,1,75.00%
pymatgen/analysis/cost.py/__init__,4,3,1,75.00%
pymatgen/analysis/cost.py/__repr__,4,4,0,100.00%
pymatgen/analysis/cost.py/CostDB,5,4,1,80.00%
pymatgen/analysis/cost.py/get_entries,5,4,1,80.00%
pymatgen/analysis/cost.py/CostDBCSV,5,5,0,100.00%
pymatgen/analysis/cost.py/__init__,9,6,3,66.67%
pymatgen/analysis/cost.py/get_entries,9,7,2,77.78%
pymatgen/analysis/cost.py/CostDBElements,5,3,2,60.00%
pymatgen/analysis/cost.py/__init__,14,9,5,64.29%
pymatgen/analysis/cost.py/CostAnalyzer,5,4,1,80.00%
pymatgen/analysis/cost.py/__init__,18,12,6,66.67%
pymatgen/analysis/cost.py/get_lowest_decomposition,5,3,2,60.00%
pymatgen/analysis/cost.py/get_cost_per_mol,5,5,0,100.00%
pymatgen/analysis/cost.py/get_cost_per_kg,5,5,0,100.00%
pymatgen/analysis/dimensionality.py/get_dimensionality_larsen,5,3,2,60.00%
pymatgen/analysis/dimensionality.py/get_structure_components,5,3,2,60.00%
pymatgen/analysis/dimensionality.py/calculate_dimensionality_of_site,5,5,0,100.00%
pymatgen/analysis/dimensionality.py/neighbors,5,4,1,80.00%
pymatgen/analysis/dimensionality.py/rank,5,3,2,60.00%
pymatgen/analysis/dimensionality.py/rank_increase,5,3,2,60.00%
pymatgen/analysis/dimensionality.py/zero_d_graph_to_molecule_graph,5,5,0,100.00%
pymatgen/analysis/dimensionality.py/get_dimensionality_cheon,5,4,1,80.00%
pymatgen/analysis/dimensionality.py/find_connected_atoms,5,3,2,60.00%
pymatgen/analysis/dimensionality.py/find_clusters,5,5,0,100.00%
pymatgen/analysis/dimensionality.py/visit,5,4,1,80.00%
pymatgen/analysis/dimensionality.py/get_dimensionality_gorai,5,4,1,80.00%
pymatgen/analysis/adsorption.py/AdsorbateSiteFinder,5,5,0,100.00%
pymatgen/analysis/adsorption.py/__init__,4,3,1,75.00%
pymatgen/analysis/adsorption.py/from_bulk_and_miller,5,5,0,100.00%
pymatgen/analysis/adsorption.py/find_surface_sites_by_height,5,4,1,80.00%
pymatgen/analysis/adsorption.py/assign_site_properties,5,4,1,80.00%
pymatgen/analysis/adsorption.py/get_extended_surface_mesh,5,4,1,80.00%
pymatgen/analysis/adsorption.py/surface_sites,5,3,2,60.00%
pymatgen/analysis/adsorption.py/subsurface_sites,4,2,2,50.00%
pymatgen/analysis/adsorption.py/find_adsorption_sites,5,5,0,100.00%
pymatgen/analysis/adsorption.py/symm_reduce,5,4,1,80.00%
pymatgen/analysis/adsorption.py/near_reduce,5,4,1,80.00%
pymatgen/analysis/adsorption.py/ensemble_center,5,4,1,80.00%
pymatgen/analysis/adsorption.py/add_adsorbate,5,2,3,40.00%
pymatgen/analysis/adsorption.py/assign_selective_dynamics,5,4,1,80.00%
pymatgen/analysis/adsorption.py/generate_adsorption_structures,4,4,0,100.00%
pymatgen/analysis/adsorption.py/adsorb_both_surfaces,5,3,2,60.00%
pymatgen/analysis/adsorption.py/generate_substitution_structures,5,4,1,80.00%
pymatgen/analysis/adsorption.py/substitute,5,5,0,100.00%
pymatgen/analysis/adsorption.py/get_mi_vec,5,4,1,80.00%
pymatgen/analysis/adsorption.py/get_rot,5,2,3,40.00%
pymatgen/analysis/adsorption.py/put_coord_inside,5,5,0,100.00%
pymatgen/analysis/adsorption.py/reorient_z,4,4,0,100.00%
pymatgen/analysis/adsorption.py/plot_slab,5,5,0,100.00%
pymatgen/analysis/graphs.py/ConnectedSite,4,3,1,75.00%
pymatgen/analysis/graphs.py/_compare,5,3,2,60.00%
pymatgen/analysis/graphs.py/_igraph_from_nxgraph,4,4,0,100.00%
pymatgen/analysis/graphs.py/_isomorphic,5,5,0,100.00%
pymatgen/analysis/graphs.py/StructureGraph,5,5,0,100.00%
pymatgen/analysis/graphs.py/__init__,5,5,0,100.00%
pymatgen/analysis/graphs.py/from_empty_graph,5,4,1,80.00%
pymatgen/analysis/graphs.py/with_empty_graph,5,5,0,100.00%
pymatgen/analysis/graphs.py/from_edges,5,4,1,80.00%
pymatgen/analysis/graphs.py/with_edges,4,3,1,75.00%
pymatgen/analysis/graphs.py/from_local_env_strategy,5,5,0,100.00%
pymatgen/analysis/graphs.py/with_local_env_strategy,5,4,1,80.00%
pymatgen/analysis/graphs.py/name,4,4,0,100.00%
pymatgen/analysis/graphs.py/edge_weight_name,5,4,1,80.00%
pymatgen/analysis/graphs.py/edge_weight_unit,5,4,1,80.00%
pymatgen/analysis/graphs.py/add_edge,5,5,0,100.00%
pymatgen/analysis/graphs.py/insert_node,5,4,1,80.00%
pymatgen/analysis/graphs.py/set_node_attributes,5,4,1,80.00%
pymatgen/analysis/graphs.py/alter_edge,5,4,1,80.00%
pymatgen/analysis/graphs.py/break_edge,5,3,2,60.00%
pymatgen/analysis/graphs.py/remove_nodes,4,4,0,100.00%
pymatgen/analysis/graphs.py/substitute_group,5,4,1,80.00%
pymatgen/analysis/graphs.py/map_indices,5,3,2,60.00%
pymatgen/analysis/graphs.py/get_connected_sites,5,5,0,100.00%
pymatgen/analysis/graphs.py/get_coordination_of_site,5,5,0,100.00%
pymatgen/analysis/graphs.py/draw_graph_to_file,5,4,1,80.00%
pymatgen/analysis/graphs.py/types_and_weights_of_connections,5,5,0,100.00%
pymatgen/analysis/graphs.py/get_label,5,4,1,80.00%
pymatgen/analysis/graphs.py/weight_statistics,5,3,2,60.00%
pymatgen/analysis/graphs.py/types_of_coordination_environments,5,2,3,40.00%
pymatgen/analysis/graphs.py/as_dict,5,4,1,80.00%
pymatgen/analysis/graphs.py/from_dict,5,3,2,60.00%
pymatgen/analysis/graphs.py/__mul__,5,5,0,100.00%
pymatgen/analysis/graphs.py/__rmul__,4,3,1,75.00%
pymatgen/analysis/graphs.py/_edges_to_str,5,5,0,100.00%
pymatgen/analysis/graphs.py/__str__,5,4,1,80.00%
pymatgen/analysis/graphs.py/__repr__,5,4,1,80.00%
pymatgen/analysis/graphs.py/__len__,4,3,1,75.00%
pymatgen/analysis/graphs.py/sort,5,5,0,100.00%
pymatgen/analysis/graphs.py/__copy__,4,3,1,75.00%
pymatgen/analysis/graphs.py/__eq__,5,3,2,60.00%
pymatgen/analysis/graphs.py/diff,5,5,0,100.00%
pymatgen/analysis/graphs.py/get_subgraphs_as_molecules,5,3,2,60.00%
pymatgen/analysis/graphs.py/node_match,4,3,1,75.00%
pymatgen/analysis/graphs.py/edge_match,5,5,0,100.00%
pymatgen/analysis/graphs.py/MolGraphSplitError,5,5,0,100.00%
pymatgen/analysis/graphs.py/MoleculeGraph,5,5,0,100.00%
pymatgen/analysis/graphs.py/__init__,10,9,1,90.00%
pymatgen/analysis/graphs.py/from_empty_graph,10,8,2,80.00%
pymatgen/analysis/graphs.py/with_empty_graph,10,7,3,70.00%
pymatgen/analysis/graphs.py/from_edges,10,8,2,80.00%
pymatgen/analysis/graphs.py/with_edges,8,7,1,87.50%
pymatgen/analysis/graphs.py/from_local_env_strategy,10,10,0,100.00%
pymatgen/analysis/graphs.py/with_local_env_strategy,10,9,1,90.00%
pymatgen/analysis/graphs.py/name,9,8,1,88.89%
pymatgen/analysis/graphs.py/edge_weight_name,9,6,3,66.67%
pymatgen/analysis/graphs.py/edge_weight_unit,10,7,3,70.00%
pymatgen/analysis/graphs.py/add_edge,10,10,0,100.00%
pymatgen/analysis/graphs.py/insert_node,10,9,1,90.00%
pymatgen/analysis/graphs.py/set_node_attributes,10,9,1,90.00%
pymatgen/analysis/graphs.py/alter_edge,10,8,2,80.00%
pymatgen/analysis/graphs.py/break_edge,10,8,2,80.00%
pymatgen/analysis/graphs.py/remove_nodes,8,7,1,87.50%
pymatgen/analysis/graphs.py/get_disconnected_fragments,5,5,0,100.00%
pymatgen/analysis/graphs.py/split_molecule_subgraphs,5,4,1,80.00%
pymatgen/analysis/graphs.py/build_unique_fragments,4,3,1,75.00%
pymatgen/analysis/graphs.py/substitute_group,10,8,2,80.00%
pymatgen/analysis/graphs.py/map_indices,10,6,4,60.00%
pymatgen/analysis/graphs.py/replace_group,5,5,0,100.00%
pymatgen/analysis/graphs.py/find_rings,4,3,1,75.00%
pymatgen/analysis/graphs.py/get_connected_sites,10,9,1,90.00%
pymatgen/analysis/graphs.py/get_coordination_of_site,9,9,0,100.00%
pymatgen/analysis/graphs.py/draw_graph_to_file,10,8,2,80.00%
pymatgen/analysis/graphs.py/as_dict,10,9,1,90.00%
pymatgen/analysis/graphs.py/from_dict,10,7,3,70.00%
pymatgen/analysis/graphs.py/_edges_to_str,10,8,2,80.00%
pymatgen/analysis/graphs.py/__str__,9,8,1,88.89%
pymatgen/analysis/graphs.py/__repr__,9,8,1,88.89%
pymatgen/analysis/graphs.py/__len__,9,7,2,77.78%
pymatgen/analysis/graphs.py/sort,10,8,2,80.00%
pymatgen/analysis/graphs.py/__copy__,9,6,3,66.67%
pymatgen/analysis/graphs.py/__eq__,10,7,3,70.00%
pymatgen/analysis/graphs.py/isomorphic_to,5,5,0,100.00%
pymatgen/analysis/graphs.py/diff,10,10,0,100.00%
pymatgen/analysis/hhi.py/HHIModel,5,4,1,80.00%
pymatgen/analysis/hhi.py/__init__,5,4,1,80.00%
pymatgen/analysis/hhi.py/_get_hhi_el,4,4,0,100.00%
pymatgen/analysis/hhi.py/get_hhi,5,5,0,100.00%
pymatgen/analysis/hhi.py/get_hhi_production,4,4,0,100.00%
pymatgen/analysis/hhi.py/get_hhi_reserve,5,5,0,100.00%
pymatgen/analysis/hhi.py/get_hhi_designation,5,3,2,60.00%
pymatgen/analysis/transition_state.py/NEBAnalysis,5,5,0,100.00%
pymatgen/analysis/transition_state.py/__init__,5,3,2,60.00%
pymatgen/analysis/transition_state.py/setup_spline,5,3,2,60.00%
pymatgen/analysis/transition_state.py/from_outcars,5,4,1,80.00%
pymatgen/analysis/transition_state.py/get_extrema,5,5,0,100.00%
pymatgen/analysis/transition_state.py/get_plot,5,5,0,100.00%
pymatgen/analysis/transition_state.py/from_dir,5,2,3,40.00%
pymatgen/analysis/transition_state.py/as_dict,5,5,0,100.00%
pymatgen/analysis/transition_state.py/combine_neb_plots,5,4,1,80.00%
pymatgen/analysis/piezo_sensitivity.py/BornEffectiveCharge,5,5,0,100.00%
pymatgen/analysis/piezo_sensitivity.py/__init__,5,5,0,100.00%
pymatgen/analysis/piezo_sensitivity.py/get_BEC_operations,5,5,0,100.00%
pymatgen/analysis/piezo_sensitivity.py/get_rand_BEC,5,4,1,80.00%
pymatgen/analysis/piezo_sensitivity.py/InternalStrainTensor,4,3,1,75.00%
pymatgen/analysis/piezo_sensitivity.py/__init__,9,8,1,88.89%
pymatgen/analysis/piezo_sensitivity.py/get_IST_operations,5,5,0,100.00%
pymatgen/analysis/piezo_sensitivity.py/get_rand_IST,4,4,0,100.00%
pymatgen/analysis/piezo_sensitivity.py/ForceConstantMatrix,5,5,0,100.00%
pymatgen/analysis/piezo_sensitivity.py/__init__,14,13,1,92.86%
pymatgen/analysis/piezo_sensitivity.py/get_FCM_operations,5,4,1,80.00%
pymatgen/analysis/piezo_sensitivity.py/get_unstable_FCM,5,4,1,80.00%
pymatgen/analysis/piezo_sensitivity.py/get_symmetrized_FCM,5,5,0,100.00%
pymatgen/analysis/piezo_sensitivity.py/get_stable_FCM,5,4,1,80.00%
pymatgen/analysis/piezo_sensitivity.py/get_asum_FCM,5,4,1,80.00%
pymatgen/analysis/piezo_sensitivity.py/get_rand_FCM,5,4,1,80.00%
pymatgen/analysis/piezo_sensitivity.py/get_piezo,4,3,1,75.00%
pymatgen/analysis/piezo_sensitivity.py/rand_piezo,5,4,1,80.00%
pymatgen/analysis/quasiharmonic.py/QuasiHarmonicDebyeApprox,5,4,1,80.00%
pymatgen/analysis/quasiharmonic.py/__init__,5,4,1,80.00%
pymatgen/analysis/quasiharmonic.py/optimize_gibbs_free_energy,5,4,1,80.00%
pymatgen/analysis/quasiharmonic.py/optimizer,5,5,0,100.00%
pymatgen/analysis/quasiharmonic.py/vibrational_free_energy,5,5,0,100.00%
pymatgen/analysis/quasiharmonic.py/vibrational_internal_energy,5,4,1,80.00%
pymatgen/analysis/quasiharmonic.py/debye_temperature,4,4,0,100.00%
pymatgen/analysis/quasiharmonic.py/debye_integral,5,5,0,100.00%
pymatgen/analysis/quasiharmonic.py/gruneisen_parameter,5,4,1,80.00%
pymatgen/analysis/quasiharmonic.py/thermal_conductivity,5,3,2,60.00%
pymatgen/analysis/quasiharmonic.py/get_summary_dict,5,4,1,80.00%
pymatgen/analysis/quasiharmonic.py/QuasiharmonicDebyeApprox,5,3,2,60.00%
pymatgen/analysis/chempot_diagram.py/ChemicalPotentialDiagram,5,5,0,100.00%
pymatgen/analysis/chempot_diagram.py/__init__,5,5,0,100.00%
pymatgen/analysis/chempot_diagram.py/get_plot,5,3,2,60.00%
pymatgen/analysis/chempot_diagram.py/_get_domains,5,5,0,100.00%
pymatgen/analysis/chempot_diagram.py/_get_border_hyperplanes,5,5,0,100.00%
pymatgen/analysis/chempot_diagram.py/_get_hyperplanes_and_entries,5,5,0,100.00%
pymatgen/analysis/chempot_diagram.py/_get_2d_plot,5,4,1,80.00%
pymatgen/analysis/chempot_diagram.py/_get_3d_plot,5,5,0,100.00%
pymatgen/analysis/chempot_diagram.py/_get_new_limits_from_padding,5,2,3,40.00%
pymatgen/analysis/chempot_diagram.py/_get_2d_domain_lines,5,4,1,80.00%
pymatgen/analysis/chempot_diagram.py/_get_3d_domain_lines,4,4,0,100.00%
pymatgen/analysis/chempot_diagram.py/_get_3d_domain_simplexes_and_ann_loc,5,5,0,100.00%
pymatgen/analysis/chempot_diagram.py/_get_3d_formula_meshes,5,5,0,100.00%
pymatgen/analysis/chempot_diagram.py/_get_3d_formula_lines,5,5,0,100.00%
pymatgen/analysis/chempot_diagram.py/_get_min_entries_and_el_refs,5,4,1,80.00%
pymatgen/analysis/chempot_diagram.py/_get_annotation,5,5,0,100.00%
pymatgen/analysis/chempot_diagram.py/_get_axis_layout_dict,5,5,0,100.00%
pymatgen/analysis/chempot_diagram.py/get_chempot_axis_title,5,5,0,100.00%
pymatgen/analysis/chempot_diagram.py/domains,5,3,2,60.00%
pymatgen/analysis/chempot_diagram.py/lims,4,3,1,75.00%
pymatgen/analysis/chempot_diagram.py/entry_dict,5,5,0,100.00%
pymatgen/analysis/chempot_diagram.py/hyperplanes,5,5,0,100.00%
pymatgen/analysis/chempot_diagram.py/hyperplane_entries,4,3,1,75.00%
pymatgen/analysis/chempot_diagram.py/border_hyperplanes,4,2,2,50.00%
pymatgen/analysis/chempot_diagram.py/el_refs,4,4,0,100.00%
pymatgen/analysis/chempot_diagram.py/chemical_system,5,3,2,60.00%
pymatgen/analysis/chempot_diagram.py/__repr__,5,5,0,100.00%
pymatgen/analysis/chempot_diagram.py/simple_pca,5,5,0,100.00%
pymatgen/analysis/chempot_diagram.py/get_centroid_2d,5,5,0,100.00%
pymatgen/analysis/chempot_diagram.py/get_2d_orthonormal_vector,5,5,0,100.00%
pymatgen/analysis/chempot_diagram.py/_renormalize_entry,5,4,1,80.00%
pymatgen/analysis/functional_groups.py/FunctionalGroupExtractor,5,4,1,80.00%
pymatgen/analysis/functional_groups.py/__init__,4,3,1,75.00%
pymatgen/analysis/functional_groups.py/get_heteroatoms,5,4,1,80.00%
pymatgen/analysis/functional_groups.py/get_special_carbon,5,4,1,80.00%
pymatgen/analysis/functional_groups.py/link_marked_atoms,5,3,2,60.00%
pymatgen/analysis/functional_groups.py/get_basic_functional_groups,5,3,2,60.00%
pymatgen/analysis/functional_groups.py/get_all_functional_groups,5,4,1,80.00%
pymatgen/analysis/functional_groups.py/categorize_functional_groups,4,4,0,100.00%
pymatgen/analysis/quasirrho.py/get_avg_mom_inertia,5,5,0,100.00%
pymatgen/analysis/quasirrho.py/QuasiRRHO,5,3,2,60.00%
pymatgen/analysis/quasirrho.py/__init__,5,4,1,80.00%
pymatgen/analysis/quasirrho.py/from_gaussian_output,4,4,0,100.00%
pymatgen/analysis/quasirrho.py/from_qc_output,5,3,2,60.00%
pymatgen/analysis/quasirrho.py/_get_quasirrho_thermo,5,3,2,60.00%
pymatgen/analysis/interface_reactions.py/InterfacialReactivity,5,4,1,80.00%
pymatgen/analysis/interface_reactions.py/__init__,5,3,2,60.00%
pymatgen/analysis/interface_reactions.py/get_kinks,5,2,3,40.00%
pymatgen/analysis/interface_reactions.py/plot,5,5,0,100.00%
pymatgen/analysis/interface_reactions.py/get_dataframe,5,4,1,80.00%
pymatgen/analysis/interface_reactions.py/get_critical_original_kink_ratio,5,5,0,100.00%
pymatgen/analysis/interface_reactions.py/_get_original_composition_ratio,4,3,1,75.00%
pymatgen/analysis/interface_reactions.py/_get_energy,5,5,0,100.00%
pymatgen/analysis/interface_reactions.py/_get_reactants,5,5,0,100.00%
pymatgen/analysis/interface_reactions.py/_get_reaction,5,4,1,80.00%
pymatgen/analysis/interface_reactions.py/_get_elem_amt_in_rxn,5,4,1,80.00%
pymatgen/analysis/interface_reactions.py/_get_plotly_figure,5,5,0,100.00%
pymatgen/analysis/interface_reactions.py/_get_matplotlib_figure,5,4,1,80.00%
pymatgen/analysis/interface_reactions.py/_get_xaxis_title,5,4,1,80.00%
pymatgen/analysis/interface_reactions.py/_get_plotly_annotations,5,5,0,100.00%
pymatgen/analysis/interface_reactions.py/_get_entry_energy,5,5,0,100.00%
pymatgen/analysis/interface_reactions.py/_convert,5,5,0,100.00%
pymatgen/analysis/interface_reactions.py/_reverse_convert,5,4,1,80.00%
pymatgen/analysis/interface_reactions.py/get_chempot_correction,5,3,2,60.00%
pymatgen/analysis/interface_reactions.py/labels,4,2,2,50.00%
pymatgen/analysis/interface_reactions.py/minimum,5,4,1,80.00%
pymatgen/analysis/interface_reactions.py/products,5,3,2,60.00%
pymatgen/analysis/interface_reactions.py/GrandPotentialInterfacialReactivity,5,3,2,60.00%
pymatgen/analysis/interface_reactions.py/__init__,10,8,2,80.00%
pymatgen/analysis/interface_reactions.py/get_no_mixing_energy,5,5,0,100.00%
pymatgen/analysis/interface_reactions.py/_get_reactants,9,7,2,77.78%
pymatgen/analysis/interface_reactions.py/_get_grand_potential,5,5,0,100.00%
pymatgen/analysis/solar/slme.py/get_dir_indir_gap,5,5,0,100.00%
pymatgen/analysis/solar/slme.py/to_matrix,4,4,0,100.00%
pymatgen/analysis/solar/slme.py/parse_dielectric_data,5,4,1,80.00%
pymatgen/analysis/solar/slme.py/absorption_coefficient,5,3,2,60.00%
pymatgen/analysis/solar/slme.py/optics,5,4,1,80.00%
pymatgen/analysis/solar/slme.py/slme,5,2,3,40.00%
pymatgen/analysis/solar/slme.py/J,5,5,0,100.00%
pymatgen/analysis/solar/slme.py/power,5,4,1,80.00%
pymatgen/analysis/elasticity/stress.py/Stress,5,4,1,80.00%
pymatgen/analysis/elasticity/stress.py/__new__,5,5,0,100.00%
pymatgen/analysis/elasticity/stress.py/dev_principal_invariants,4,3,1,75.00%
pymatgen/analysis/elasticity/stress.py/von_mises,5,4,1,80.00%
pymatgen/analysis/elasticity/stress.py/mean_stress,5,5,0,100.00%
pymatgen/analysis/elasticity/stress.py/deviator_stress,4,3,1,75.00%
pymatgen/analysis/elasticity/stress.py/piola_kirchoff_1,5,4,1,80.00%
pymatgen/analysis/elasticity/stress.py/piola_kirchoff_2,5,5,0,100.00%
pymatgen/analysis/elasticity/elastic.py/NthOrderElasticTensor,5,4,1,80.00%
pymatgen/analysis/elasticity/elastic.py/__new__,5,4,1,80.00%
pymatgen/analysis/elasticity/elastic.py/order,5,4,1,80.00%
pymatgen/analysis/elasticity/elastic.py/calculate_stress,5,4,1,80.00%
pymatgen/analysis/elasticity/elastic.py/energy_density,5,4,1,80.00%
pymatgen/analysis/elasticity/elastic.py/from_diff_fit,5,3,2,60.00%
pymatgen/analysis/elasticity/elastic.py/raise_if_unphysical,5,5,0,100.00%
pymatgen/analysis/elasticity/elastic.py/wrapper,4,3,1,75.00%
pymatgen/analysis/elasticity/elastic.py/ElasticTensor,5,4,1,80.00%
pymatgen/analysis/elasticity/elastic.py/__new__,9,7,2,77.78%
pymatgen/analysis/elasticity/elastic.py/compliance_tensor,5,5,0,100.00%
pymatgen/analysis/elasticity/elastic.py/k_voigt,5,4,1,80.00%
pymatgen/analysis/elasticity/elastic.py/g_voigt,5,4,1,80.00%
pymatgen/analysis/elasticity/elastic.py/k_reuss,5,3,2,60.00%
pymatgen/analysis/elasticity/elastic.py/g_reuss,5,4,1,80.00%
pymatgen/analysis/elasticity/elastic.py/k_vrh,5,2,3,40.00%
pymatgen/analysis/elasticity/elastic.py/g_vrh,5,4,1,80.00%
pymatgen/analysis/elasticity/elastic.py/y_mod,5,3,2,60.00%
pymatgen/analysis/elasticity/elastic.py/directional_poisson_ratio,5,5,0,100.00%
pymatgen/analysis/elasticity/elastic.py/directional_elastic_mod,5,5,0,100.00%
pymatgen/analysis/elasticity/elastic.py/trans_v,5,3,2,60.00%
pymatgen/analysis/elasticity/elastic.py/long_v,5,5,0,100.00%
pymatgen/analysis/elasticity/elastic.py/snyder_ac,5,4,1,80.00%
pymatgen/analysis/elasticity/elastic.py/snyder_opt,5,5,0,100.00%
pymatgen/analysis/elasticity/elastic.py/snyder_total,4,1,3,25.00%
pymatgen/analysis/elasticity/elastic.py/clarke_thermalcond,5,4,1,80.00%
pymatgen/analysis/elasticity/elastic.py/cahill_thermalcond,5,5,0,100.00%
pymatgen/analysis/elasticity/elastic.py/agne_diffusive_thermalcond,5,4,1,80.00%
pymatgen/analysis/elasticity/elastic.py/debye_temperature,5,5,0,100.00%
pymatgen/analysis/elasticity/elastic.py/universal_anisotropy,5,5,0,100.00%
pymatgen/analysis/elasticity/elastic.py/homogeneous_poisson,4,4,0,100.00%
pymatgen/analysis/elasticity/elastic.py/green_kristoffel,4,2,2,50.00%
pymatgen/analysis/elasticity/elastic.py/property_dict,5,4,1,80.00%
pymatgen/analysis/elasticity/elastic.py/get_structure_property_dict,5,3,2,60.00%
pymatgen/analysis/elasticity/elastic.py/from_pseudoinverse,4,3,1,75.00%
pymatgen/analysis/elasticity/elastic.py/from_independent_strains,5,5,0,100.00%
pymatgen/analysis/elasticity/elastic.py/ComplianceTensor,4,2,2,50.00%
pymatgen/analysis/elasticity/elastic.py/__new__,14,12,2,85.71%
pymatgen/analysis/elasticity/elastic.py/ElasticTensorExpansion,5,5,0,100.00%
pymatgen/analysis/elasticity/elastic.py/__init__,4,4,0,100.00%
pymatgen/analysis/elasticity/elastic.py/from_diff_fit,10,5,5,50.00%
pymatgen/analysis/elasticity/elastic.py/order,9,8,1,88.89%
pymatgen/analysis/elasticity/elastic.py/calculate_stress,9,7,2,77.78%
pymatgen/analysis/elasticity/elastic.py/energy_density,10,9,1,90.00%
pymatgen/analysis/elasticity/elastic.py/get_ggt,5,5,0,100.00%
pymatgen/analysis/elasticity/elastic.py/get_tgt,5,4,1,80.00%
pymatgen/analysis/elasticity/elastic.py/get_gruneisen_parameter,5,5,0,100.00%
pymatgen/analysis/elasticity/elastic.py/get_heat_capacity,5,5,0,100.00%
pymatgen/analysis/elasticity/elastic.py/omega,5,3,2,60.00%
pymatgen/analysis/elasticity/elastic.py/thermal_expansion_coeff,5,1,4,20.00%
pymatgen/analysis/elasticity/elastic.py/integrand,5,4,1,80.00%
pymatgen/analysis/elasticity/elastic.py/get_compliance_expansion,5,3,2,60.00%
pymatgen/analysis/elasticity/elastic.py/get_strain_from_stress,5,5,0,100.00%
pymatgen/analysis/elasticity/elastic.py/get_effective_ecs,4,3,1,75.00%
pymatgen/analysis/elasticity/elastic.py/get_wallace_tensor,5,3,2,60.00%
pymatgen/analysis/elasticity/elastic.py/get_symmetric_wallace_tensor,5,4,1,80.00%
pymatgen/analysis/elasticity/elastic.py/get_stability_criteria,5,4,1,80.00%
pymatgen/analysis/elasticity/elastic.py/get_yield_stress,5,4,1,80.00%
pymatgen/analysis/elasticity/elastic.py/diff_fit,5,3,2,60.00%
pymatgen/analysis/elasticity/elastic.py/find_eq_stress,5,5,0,100.00%
pymatgen/analysis/elasticity/elastic.py/get_strain_state_dict,5,5,0,100.00%
pymatgen/analysis/elasticity/elastic.py/generate_pseudo,5,4,1,80.00%
pymatgen/analysis/elasticity/elastic.py/get_symbol_list,5,5,0,100.00%
pymatgen/analysis/elasticity/elastic.py/subs,5,4,1,80.00%
pymatgen/analysis/elasticity/elastic.py/get_diff_coeff,5,4,1,80.00%
pymatgen/analysis/elasticity/strain.py/Deformation,5,4,1,80.00%
pymatgen/analysis/elasticity/strain.py/__new__,5,5,0,100.00%
pymatgen/analysis/elasticity/strain.py/is_independent,4,4,0,100.00%
pymatgen/analysis/elasticity/strain.py/get_perturbed_indices,5,4,1,80.00%
pymatgen/analysis/elasticity/strain.py/green_lagrange_strain,4,4,0,100.00%
pymatgen/analysis/elasticity/strain.py/apply_to_structure,4,4,0,100.00%
pymatgen/analysis/elasticity/strain.py/from_index_amount,4,3,1,75.00%
pymatgen/analysis/elasticity/strain.py/DeformedStructureSet,5,5,0,100.00%
pymatgen/analysis/elasticity/strain.py/__init__,5,5,0,100.00%
pymatgen/analysis/elasticity/strain.py/__iter__,5,5,0,100.00%
pymatgen/analysis/elasticity/strain.py/__len__,5,5,0,100.00%
pymatgen/analysis/elasticity/strain.py/__getitem__,5,5,0,100.00%
pymatgen/analysis/elasticity/strain.py/Strain,5,4,1,80.00%
pymatgen/analysis/elasticity/strain.py/__new__,10,10,0,100.00%
pymatgen/analysis/elasticity/strain.py/__array_finalize__,4,4,0,100.00%
pymatgen/analysis/elasticity/strain.py/from_deformation,4,4,0,100.00%
pymatgen/analysis/elasticity/strain.py/from_index_amount,9,7,2,77.78%
pymatgen/analysis/elasticity/strain.py/get_deformation_matrix,5,4,1,80.00%
pymatgen/analysis/elasticity/strain.py/von_mises_strain,5,5,0,100.00%
pymatgen/analysis/elasticity/strain.py/convert_strain_to_deformation,5,4,1,80.00%
pymatgen/analysis/structure_prediction/volume_predictor.py/_is_ox,5,4,1,80.00%
pymatgen/analysis/structure_prediction/volume_predictor.py/RLSVolumePredictor,5,5,0,100.00%
pymatgen/analysis/structure_prediction/volume_predictor.py/__init__,5,5,0,100.00%
pymatgen/analysis/structure_prediction/volume_predictor.py/predict,5,5,0,100.00%
pymatgen/analysis/structure_prediction/volume_predictor.py/get_predicted_structure,5,4,1,80.00%
pymatgen/analysis/structure_prediction/volume_predictor.py/DLSVolumePredictor,5,4,1,80.00%
pymatgen/analysis/structure_prediction/volume_predictor.py/__init__,10,8,2,80.00%
pymatgen/analysis/structure_prediction/volume_predictor.py/predict,10,10,0,100.00%
pymatgen/analysis/structure_prediction/volume_predictor.py/get_predicted_structure,9,8,1,88.89%
pymatgen/analysis/structure_prediction/substitution_probability.py/SubstitutionProbability,5,4,1,80.00%
pymatgen/analysis/structure_prediction/substitution_probability.py/__init__,4,3,1,75.00%
pymatgen/analysis/structure_prediction/substitution_probability.py/get_lambda,5,5,0,100.00%
pymatgen/analysis/structure_prediction/substitution_probability.py/get_px,5,4,1,80.00%
pymatgen/analysis/structure_prediction/substitution_probability.py/prob,5,3,2,60.00%
pymatgen/analysis/structure_prediction/substitution_probability.py/cond_prob,4,3,1,75.00%
pymatgen/analysis/structure_prediction/substitution_probability.py/pair_corr,5,5,0,100.00%
pymatgen/analysis/structure_prediction/substitution_probability.py/cond_prob_list,5,5,0,100.00%
pymatgen/analysis/structure_prediction/substitution_probability.py/as_dict,4,4,0,100.00%
pymatgen/analysis/structure_prediction/substitution_probability.py/from_dict,4,4,0,100.00%
pymatgen/analysis/structure_prediction/substitution_probability.py/SubstitutionPredictor,5,5,0,100.00%
pymatgen/analysis/structure_prediction/substitution_probability.py/__init__,8,6,2,75.00%
pymatgen/analysis/structure_prediction/substitution_probability.py/list_prediction,5,5,0,100.00%
pymatgen/analysis/structure_prediction/substitution_probability.py/_recurse,5,5,0,100.00%
pymatgen/analysis/structure_prediction/substitution_probability.py/composition_prediction,4,4,0,100.00%
pymatgen/analysis/structure_prediction/substitutor.py/Substitutor,5,2,3,40.00%
pymatgen/analysis/structure_prediction/substitutor.py/__init__,4,4,0,100.00%
pymatgen/analysis/structure_prediction/substitutor.py/get_allowed_species,5,5,0,100.00%
pymatgen/analysis/structure_prediction/substitutor.py/pred_from_structures,5,5,0,100.00%
pymatgen/analysis/structure_prediction/substitutor.py/_is_charge_balanced,5,5,0,100.00%
pymatgen/analysis/structure_prediction/substitutor.py/_is_from_chemical_system,5,4,1,80.00%
pymatgen/analysis/structure_prediction/substitutor.py/pred_from_list,5,5,0,100.00%
pymatgen/analysis/structure_prediction/substitutor.py/_recurse,5,4,1,80.00%
pymatgen/analysis/structure_prediction/substitutor.py/pred_from_comp,5,4,1,80.00%
pymatgen/analysis/structure_prediction/substitutor.py/as_dict,4,4,0,100.00%
pymatgen/analysis/structure_prediction/substitutor.py/from_dict,4,4,0,100.00%
pymatgen/analysis/structure_prediction/dopant_predictor.py/get_dopants_from_substitution_probabilities,5,5,0,100.00%
pymatgen/analysis/structure_prediction/dopant_predictor.py/get_dopants_from_shannon_radii,5,3,2,60.00%
pymatgen/analysis/structure_prediction/dopant_predictor.py/_get_dopants,5,4,1,80.00%
pymatgen/analysis/structure_prediction/dopant_predictor.py/_shannon_radii_from_cn,5,3,2,60.00%
pymatgen/analysis/structure_prediction/dopant_predictor.py/_int_to_roman,5,4,1,80.00%
pymatgen/analysis/xas/spectrum.py/XAS,5,4,1,80.00%
pymatgen/analysis/xas/spectrum.py/__init__,4,2,2,50.00%
pymatgen/analysis/xas/spectrum.py/__str__,5,5,0,100.00%
pymatgen/analysis/xas/spectrum.py/stitch,5,1,4,20.00%
pymatgen/analysis/xas/spectrum.py/site_weighted_spectrum,5,3,2,60.00%
pymatgen/analysis/defects/finder.py/SiteVec,4,3,1,75.00%
pymatgen/analysis/defects/finder.py/SiteGroup,5,3,2,60.00%
pymatgen/analysis/defects/finder.py/DefectSiteFinder,5,5,0,100.00%
pymatgen/analysis/defects/finder.py/__init__,4,4,0,100.00%
pymatgen/analysis/defects/finder.py/get_defect_fpos,5,4,1,80.00%
pymatgen/analysis/defects/finder.py/_is_impurity,5,5,0,100.00%
pymatgen/analysis/defects/finder.py/get_native_defect_position,5,5,0,100.00%
pymatgen/analysis/defects/finder.py/get_impurity_position,5,2,3,40.00%
pymatgen/analysis/defects/finder.py/get_most_distorted_sites,4,3,1,75.00%
pymatgen/analysis/defects/finder.py/get_site_groups,5,3,2,60.00%
pymatgen/analysis/defects/finder.py/get_soap_vec,5,5,0,100.00%
pymatgen/analysis/defects/finder.py/get_site_vecs,5,5,0,100.00%
pymatgen/analysis/defects/finder.py/cosine_similarity,5,5,0,100.00%
pymatgen/analysis/defects/finder.py/best_match,5,3,2,60.00%
pymatgen/analysis/defects/finder.py/_get_broundary,5,4,1,80.00%
pymatgen/analysis/defects/finder.py/get_weighted_average_position,5,4,1,80.00%
pymatgen/analysis/defects/supercells.py/get_sc_fromstruct,5,4,1,80.00%
pymatgen/analysis/defects/supercells.py/get_matched_structure_mapping_old,5,3,2,60.00%
pymatgen/analysis/defects/supercells.py/get_matched_structure_mapping,5,3,2,60.00%
pymatgen/analysis/defects/supercells.py/_cubic_cell,5,1,4,20.00%
pymatgen/analysis/defects/supercells.py/_ase_cubic,5,3,2,60.00%
pymatgen/analysis/defects/supercells.py/_avg_lat,5,5,0,100.00%
pymatgen/analysis/defects/supercells.py/_lowest_dist,5,5,0,100.00%
pymatgen/analysis/defects/supercells.py/get_closest_sc_mat,5,4,1,80.00%
pymatgen/analysis/defects/supercells.py/_get_mean_dist,5,4,1,80.00%
pymatgen/analysis/defects/recombination.py/fact,5,5,0,100.00%
pymatgen/analysis/defects/recombination.py/herm,5,4,1,80.00%
pymatgen/analysis/defects/recombination.py/analytic_overlap_NM,5,4,1,80.00%
pymatgen/analysis/defects/recombination.py/boltzmann_filling,5,5,0,100.00%
pymatgen/analysis/defects/recombination.py/get_mQn,5,3,2,60.00%
pymatgen/analysis/defects/recombination.py/get_mn,5,4,1,80.00%
pymatgen/analysis/defects/recombination.py/pchip_eval,5,5,0,100.00%
pymatgen/analysis/defects/recombination.py/get_SRH_coef,5,4,1,80.00%
pymatgen/analysis/defects/recombination.py/get_Rad_coef,5,5,0,100.00%
pymatgen/analysis/defects/recombination.py/njit,5,1,4,20.00%
pymatgen/analysis/defects/core.py/DefectType,5,5,0,100.00%
pymatgen/analysis/defects/core.py/Defect,5,4,1,80.00%
pymatgen/analysis/defects/core.py/__init__,5,5,0,100.00%
pymatgen/analysis/defects/core.py/get_multiplicity,5,2,3,40.00%
pymatgen/analysis/defects/core.py/_guess_oxi_state,4,4,0,100.00%
pymatgen/analysis/defects/core.py/__repr__,4,4,0,100.00%
pymatgen/analysis/defects/core.py/name,5,5,0,100.00%
pymatgen/analysis/defects/core.py/defect_structure,5,5,0,100.00%
pymatgen/analysis/defects/core.py/element_changes,5,5,0,100.00%
pymatgen/analysis/defects/core.py/centered_defect_structure,4,4,0,100.00%
pymatgen/analysis/defects/core.py/get_charge_states,5,3,2,60.00%
pymatgen/analysis/defects/core.py/get_supercell_structure,5,3,2,60.00%
pymatgen/analysis/defects/core.py/_has_oxi,5,4,1,80.00%
pymatgen/analysis/defects/core.py/symmetrized_structure,4,4,0,100.00%
pymatgen/analysis/defects/core.py/__eq__,5,4,1,80.00%
pymatgen/analysis/defects/core.py/defect_type,5,3,2,60.00%
pymatgen/analysis/defects/core.py/latex_name,5,4,1,80.00%
pymatgen/analysis/defects/core.py/NamedDefect,5,5,0,100.00%
pymatgen/analysis/defects/core.py/__init__,9,9,0,100.00%
pymatgen/analysis/defects/core.py/from_structures,5,4,1,80.00%
pymatgen/analysis/defects/core.py/latex_name,10,9,1,90.00%
pymatgen/analysis/defects/core.py/__eq__,10,5,5,50.00%
pymatgen/analysis/defects/core.py/__repr__,9,6,3,66.67%
pymatgen/analysis/defects/core.py/Vacancy,5,5,0,100.00%
pymatgen/analysis/defects/core.py/get_multiplicity,10,4,6,40.00%
pymatgen/analysis/defects/core.py/name,9,9,0,100.00%
pymatgen/analysis/defects/core.py/defect_site,5,5,0,100.00%
pymatgen/analysis/defects/core.py/defect_site_index,5,4,1,80.00%
pymatgen/analysis/defects/core.py/defect_structure,10,10,0,100.00%
pymatgen/analysis/defects/core.py/element_changes,10,9,1,90.00%
pymatgen/analysis/defects/core.py/_guess_oxi_state,9,8,1,88.89%
pymatgen/analysis/defects/core.py/__repr__,13,10,3,76.92%
pymatgen/analysis/defects/core.py/Substitution,5,4,1,80.00%
pymatgen/analysis/defects/core.py/__init__,14,12,2,85.71%
pymatgen/analysis/defects/core.py/get_multiplicity,15,9,6,60.00%
pymatgen/analysis/defects/core.py/name,14,12,2,85.71%
pymatgen/analysis/defects/core.py/defect_structure,15,15,0,100.00%
pymatgen/analysis/defects/core.py/defect_site,10,10,0,100.00%
pymatgen/analysis/defects/core.py/defect_site_index,10,9,1,90.00%
pymatgen/analysis/defects/core.py/element_changes,15,14,1,93.33%
pymatgen/analysis/defects/core.py/_guess_oxi_state,14,12,2,85.71%
pymatgen/analysis/defects/core.py/__repr__,18,13,5,72.22%
pymatgen/analysis/defects/core.py/Interstitial,5,4,1,80.00%
pymatgen/analysis/defects/core.py/__init__,19,15,4,78.95%
pymatgen/analysis/defects/core.py/get_multiplicity,20,14,6,70.00%
pymatgen/analysis/defects/core.py/name,19,17,2,89.47%
pymatgen/analysis/defects/core.py/defect_structure,20,18,2,90.00%
pymatgen/analysis/defects/core.py/defect_site_index,15,13,2,86.67%
pymatgen/analysis/defects/core.py/element_changes,19,18,1,94.74%
pymatgen/analysis/defects/core.py/_guess_oxi_state,18,14,4,77.78%
pymatgen/analysis/defects/core.py/__repr__,23,16,7,69.57%
pymatgen/analysis/defects/core.py/DefectComplex,5,4,1,80.00%
pymatgen/analysis/defects/core.py/__init__,24,20,4,83.33%
pymatgen/analysis/defects/core.py/__repr__,28,21,7,75.00%
pymatgen/analysis/defects/core.py/__eq__,15,9,6,60.00%
pymatgen/analysis/defects/core.py/defect_structure_with_com,4,4,0,100.00%
pymatgen/analysis/defects/core.py/get_multiplicity,25,18,7,72.00%
pymatgen/analysis/defects/core.py/element_changes,24,22,2,91.67%
pymatgen/analysis/defects/core.py/name,24,21,3,87.50%
pymatgen/analysis/defects/core.py/_guess_oxi_state,23,18,5,78.26%
pymatgen/analysis/defects/core.py/defect_structure,24,22,2,91.67%
pymatgen/analysis/defects/core.py/latex_name,15,12,3,80.00%
pymatgen/analysis/defects/core.py/update_structure,5,4,1,80.00%
pymatgen/analysis/defects/core.py/_update,5,3,2,60.00%
pymatgen/analysis/defects/core.py/Adsorbate,4,2,2,50.00%
pymatgen/analysis/defects/core.py/name,29,25,4,86.21%
pymatgen/analysis/defects/core.py/__repr__,33,24,9,72.73%
pymatgen/analysis/defects/core.py/get_element,5,5,0,100.00%
pymatgen/analysis/defects/core.py/get_vacancy,5,5,0,100.00%
pymatgen/analysis/defects/core.py/_set_selective_dynamics,5,4,1,80.00%
pymatgen/analysis/defects/core.py/perturb_sites,5,3,2,60.00%
pymatgen/analysis/defects/core.py/get_rand_vec,5,3,2,60.00%
pymatgen/analysis/defects/core.py/_perturb_dynamic_sites,5,5,0,100.00%
pymatgen/analysis/defects/core.py/_get_mapped_sites,5,3,2,60.00%
pymatgen/analysis/defects/core.py/center_structure,5,5,0,100.00%
pymatgen/analysis/defects/core.py/_get_el_changes_from_structures,5,5,0,100.00%
pymatgen/analysis/defects/core.py/_check_int,4,3,1,75.00%
pymatgen/analysis/defects/core.py/_get_defect_name,5,5,0,100.00%
pymatgen/analysis/defects/generators.py/DefectGenerator,4,3,1,75.00%
pymatgen/analysis/defects/generators.py/_space_group_analyzer,5,2,3,40.00%
pymatgen/analysis/defects/generators.py/generate,5,4,1,80.00%
pymatgen/analysis/defects/generators.py/get_defects,4,3,1,75.00%
pymatgen/analysis/defects/generators.py/VacancyGenerator,5,5,0,100.00%
pymatgen/analysis/defects/generators.py/__init__,5,4,1,80.00%
pymatgen/analysis/defects/generators.py/generate,10,8,2,80.00%
pymatgen/analysis/defects/generators.py/SubstitutionGenerator,5,5,0,100.00%
pymatgen/analysis/defects/generators.py/__init__,10,9,1,90.00%
pymatgen/analysis/defects/generators.py/generate,15,12,3,80.00%
pymatgen/analysis/defects/generators.py/AntiSiteGenerator,4,4,0,100.00%
pymatgen/analysis/defects/generators.py/__init__,14,13,1,92.86%
pymatgen/analysis/defects/generators.py/generate,20,16,4,80.00%
pymatgen/analysis/defects/generators.py/InterstitialGenerator,5,5,0,100.00%
pymatgen/analysis/defects/generators.py/__init__,19,18,1,94.74%
pymatgen/analysis/defects/generators.py/generate,25,20,5,80.00%
pymatgen/analysis/defects/generators.py/_filter_colliding,5,4,1,80.00%
pymatgen/analysis/defects/generators.py/VoronoiInterstitialGenerator,5,4,1,80.00%
pymatgen/analysis/defects/generators.py/__init__,24,22,2,91.67%
pymatgen/analysis/defects/generators.py/generate,30,24,6,80.00%
pymatgen/analysis/defects/generators.py/_get_candidate_sites,5,4,1,80.00%
pymatgen/analysis/defects/generators.py/ChargeInterstitialGenerator,5,4,1,80.00%
pymatgen/analysis/defects/generators.py/__init__,29,27,2,93.10%
pymatgen/analysis/defects/generators.py/generate,35,28,7,80.00%
pymatgen/analysis/defects/generators.py/_get_candidate_sites,10,8,2,80.00%
pymatgen/analysis/defects/generators.py/generate_all_native_defects,4,2,2,50.00%
pymatgen/analysis/defects/generators.py/_element_str,5,3,2,60.00%
pymatgen/analysis/defects/generators.py/_remove_oxidation_states,5,4,1,80.00%
pymatgen/analysis/defects/thermo.py/DefectEntry,5,4,1,80.00%
pymatgen/analysis/defects/thermo.py/__post_init__,5,5,0,100.00%
pymatgen/analysis/defects/thermo.py/get_freysoldt_correction,5,5,0,100.00%
pymatgen/analysis/defects/thermo.py/corrected_energy,5,5,0,100.00%
pymatgen/analysis/defects/thermo.py/get_ediff,5,5,0,100.00%
pymatgen/analysis/defects/thermo.py/get_summary_dict,5,5,0,100.00%
pymatgen/analysis/defects/thermo.py/defect_chemsys,4,4,0,100.00%
pymatgen/analysis/defects/thermo.py/FormationEnergyDiagram,5,3,2,60.00%
pymatgen/analysis/defects/thermo.py/__post_init__,10,9,1,90.00%
pymatgen/analysis/defects/thermo.py/with_atomic_entries,5,4,1,80.00%
pymatgen/analysis/defects/thermo.py/with_directories,5,5,0,100.00%
pymatgen/analysis/defects/thermo.py/_read_dir,4,4,0,100.00%
pymatgen/analysis/defects/thermo.py/_parse_chempots,4,3,1,75.00%
pymatgen/analysis/defects/thermo.py/_vbm_formation_energy,5,4,1,80.00%
pymatgen/analysis/defects/thermo.py/chempot_limits,5,4,1,80.00%
pymatgen/analysis/defects/thermo.py/competing_phases,5,5,0,100.00%
pymatgen/analysis/defects/thermo.py/bulk_formula,4,3,1,75.00%
pymatgen/analysis/defects/thermo.py/defect,4,3,1,75.00%
pymatgen/analysis/defects/thermo.py/defect_chemsys,8,7,1,87.50%
pymatgen/analysis/defects/thermo.py/_get_lines,5,3,2,60.00%
pymatgen/analysis/defects/thermo.py/get_transitions,5,3,2,60.00%
pymatgen/analysis/defects/thermo.py/get_formation_energy,5,4,1,80.00%
pymatgen/analysis/defects/thermo.py/get_concentration,5,5,0,100.00%
pymatgen/analysis/defects/thermo.py/as_dataframe,4,4,0,100.00%
pymatgen/analysis/defects/thermo.py/get_chempots,5,5,0,100.00%
pymatgen/analysis/defects/thermo.py/el_sorter,5,5,0,100.00%
pymatgen/analysis/defects/thermo.py/chempot_sorter,5,5,0,100.00%
pymatgen/analysis/defects/thermo.py/__repr__,5,5,0,100.00%
pymatgen/analysis/defects/thermo.py/MultiFormationEnergyDiagram,5,5,0,100.00%
pymatgen/analysis/defects/thermo.py/__post_init__,15,12,3,80.00%
pymatgen/analysis/defects/thermo.py/with_atomic_entries,9,8,1,88.89%
pymatgen/analysis/defects/thermo.py/solve_for_fermi_level,5,2,3,40.00%
pymatgen/analysis/defects/thermo.py/_get_chg,5,5,0,100.00%
pymatgen/analysis/defects/thermo.py/_get_total_q,4,2,2,50.00%
pymatgen/analysis/defects/thermo.py/group_defect_entries,5,4,1,80.00%
pymatgen/analysis/defects/thermo.py/_get_structure,4,3,1,75.00%
pymatgen/analysis/defects/thermo.py/_get_name,5,5,0,100.00%
pymatgen/analysis/defects/thermo.py/_get_hash_no_structure,5,5,0,100.00%
pymatgen/analysis/defects/thermo.py/group_formation_energy_diagrams,5,4,1,80.00%
pymatgen/analysis/defects/thermo.py/_get_structure,8,7,1,87.50%
pymatgen/analysis/defects/thermo.py/_get_name,10,9,1,90.00%
pymatgen/analysis/defects/thermo.py/ensure_stable_bulk,5,4,1,80.00%
pymatgen/analysis/defects/thermo.py/get_sc_locpot,5,5,0,100.00%
pymatgen/analysis/defects/thermo.py/get_transitions,10,7,3,70.00%
pymatgen/analysis/defects/thermo.py/get_lower_envelope,5,4,1,80.00%
pymatgen/analysis/defects/thermo.py/_hash_float,5,3,2,60.00%
pymatgen/analysis/defects/thermo.py/get_upper_hull,5,4,1,80.00%
pymatgen/analysis/defects/thermo.py/_get_adjusted_pd_entries,5,4,1,80.00%
pymatgen/analysis/defects/thermo.py/get_interp_en,5,4,1,80.00%
pymatgen/analysis/defects/thermo.py/fermi_dirac,5,4,1,80.00%
pymatgen/analysis/defects/thermo.py/plot_formation_energy_diagrams,5,4,1,80.00%
pymatgen/analysis/defects/thermo.py/_get_line_color_and_style,4,3,1,75.00%
pymatgen/analysis/defects/thermo.py/_is_on_hyperplane,5,3,2,60.00%
pymatgen/analysis/defects/utils.py/QModel,5,4,1,80.00%
pymatgen/analysis/defects/utils.py/__init__,5,3,2,60.00%
pymatgen/analysis/defects/utils.py/rho_rec,5,5,0,100.00%
pymatgen/analysis/defects/utils.py/rho_rec_limit0,5,4,1,80.00%
pymatgen/analysis/defects/utils.py/eV_to_k,5,4,1,80.00%
pymatgen/analysis/defects/utils.py/genrecip,5,3,2,60.00%
pymatgen/analysis/defects/utils.py/generate_reciprocal_vectors_squared,4,2,2,50.00%
pymatgen/analysis/defects/utils.py/converge,5,5,0,100.00%
pymatgen/analysis/defects/utils.py/get_zfile,5,2,3,40.00%
pymatgen/analysis/defects/utils.py/generic_group_labels,5,5,0,100.00%
pymatgen/analysis/defects/utils.py/get_local_extrema,5,3,2,60.00%
pymatgen/analysis/defects/utils.py/remove_collisions,5,5,0,100.00%
pymatgen/analysis/defects/utils.py/cluster_nodes,5,4,1,80.00%
pymatgen/analysis/defects/utils.py/get_avg_chg,5,4,1,80.00%
pymatgen/analysis/defects/utils.py/_dist_mat,4,4,0,100.00%
pymatgen/analysis/defects/utils.py/TopographyAnalyzer,5,4,1,80.00%
pymatgen/analysis/defects/utils.py/__init__,10,8,2,80.00%
pymatgen/analysis/defects/utils.py/get_mapping,4,4,0,100.00%
pymatgen/analysis/defects/utils.py/labeled_sites,5,5,0,100.00%
pymatgen/analysis/defects/utils.py/check_volume,5,4,1,80.00%
pymatgen/analysis/defects/utils.py/get_structure_with_nodes,4,3,1,75.00%
pymatgen/analysis/defects/utils.py/VoronoiPolyhedron,5,4,1,80.00%
pymatgen/analysis/defects/utils.py/__init__,15,12,3,80.00%
pymatgen/analysis/defects/utils.py/is_image,5,5,0,100.00%
pymatgen/analysis/defects/utils.py/coordination,4,2,2,50.00%
pymatgen/analysis/defects/utils.py/volume,5,5,0,100.00%
pymatgen/analysis/defects/utils.py/__str__,5,3,2,60.00%
pymatgen/analysis/defects/utils.py/ChargeInsertionAnalyzer,5,4,1,80.00%
pymatgen/analysis/defects/utils.py/__init__,20,17,3,85.00%
pymatgen/analysis/defects/utils.py/labeled_sites,10,10,0,100.00%
pymatgen/analysis/defects/utils.py/local_minima,5,3,2,60.00%
pymatgen/analysis/defects/utils.py/filter_and_group,5,5,0,100.00%
pymatgen/analysis/defects/utils.py/_get_ipr,5,5,0,100.00%
pymatgen/analysis/defects/utils.py/get_ipr_in_window,5,4,1,80.00%
pymatgen/analysis/defects/utils.py/get_localized_states,5,3,2,60.00%
pymatgen/analysis/defects/utils.py/sort_positive_definite,5,4,1,80.00%
pymatgen/analysis/defects/utils.py/calculate_vol,5,5,0,100.00%
pymatgen/analysis/defects/utils.py/get_symmetry_labeled_structures,5,3,2,60.00%
pymatgen/analysis/defects/utils.py/get_labeled_inserted_structure,5,5,0,100.00%
pymatgen/analysis/defects/utils.py/CorrectionResult,5,5,0,100.00%
pymatgen/analysis/defects/utils.py/_group_docs_by_structure,5,5,0,100.00%
pymatgen/analysis/defects/utils.py/group_docs,5,3,2,60.00%
pymatgen/analysis/defects/utils.py/get_plane_spacing,4,4,0,100.00%
pymatgen/analysis/defects/ccd.py/HarmonicDefect,5,5,0,100.00%
pymatgen/analysis/defects/ccd.py/__repr__,5,4,1,80.00%
pymatgen/analysis/defects/ccd.py/defect_band_index,5,5,0,100.00%
pymatgen/analysis/defects/ccd.py/spin_index,4,4,0,100.00%
pymatgen/analysis/defects/ccd.py/spin,5,5,0,100.00%
pymatgen/analysis/defects/ccd.py/relaxed_structure,5,5,0,100.00%
pymatgen/analysis/defects/ccd.py/from_vaspruns,5,4,1,80.00%
pymatgen/analysis/defects/ccd.py/_parse_vasprun,4,4,0,100.00%
pymatgen/analysis/defects/ccd.py/from_directories,5,3,2,60.00%
pymatgen/analysis/defects/ccd.py/omega_eV,5,4,1,80.00%
pymatgen/analysis/defects/ccd.py/occupation,5,4,1,80.00%
pymatgen/analysis/defects/ccd.py/read_wswqs,5,4,1,80.00%
pymatgen/analysis/defects/ccd.py/get_elph_me,5,5,0,100.00%
pymatgen/analysis/defects/ccd.py/_get_ediff,5,5,0,100.00%
pymatgen/analysis/defects/ccd.py/get_dielectric_function,5,4,1,80.00%
pymatgen/analysis/defects/ccd.py/get_SRH_coefficient,5,3,2,60.00%
pymatgen/analysis/defects/ccd.py/get_dQ,5,5,0,100.00%
pymatgen/analysis/defects/ccd.py/_get_omega,5,5,0,100.00%
pymatgen/analysis/defects/ccd.py/_fit_parabola,5,5,0,100.00%
pymatgen/analysis/defects/ccd.py/f,4,2,2,50.00%
pymatgen/analysis/defects/ccd.py/_get_wswq_slope,5,4,1,80.00%
pymatgen/analysis/defects/ccd.py/_get_ks_ediff,5,5,0,100.00%
pymatgen/analysis/defects/ccd.py/plot_pes,5,5,0,100.00%
pymatgen/analysis/defects/plotting/thermo.py/_plot_line,5,4,1,80.00%
pymatgen/analysis/defects/plotting/thermo.py/_label_lines,5,5,0,100.00%
pymatgen/analysis/defects/plotting/thermo.py/_label_slopes,5,5,0,100.00%
pymatgen/analysis/defects/plotting/thermo.py/plot_formation_energy_diagrams,5,4,1,80.00%
pymatgen/analysis/defects/plotting/thermo.py/get_plot_data,5,3,2,60.00%
pymatgen/analysis/defects/plotting/thermo.py/plot_chempot_2d,5,4,1,80.00%
pymatgen/analysis/defects/plotting/thermo.py/_convex_hull_2d,4,3,1,75.00%
pymatgen/analysis/defects/plotting/thermo.py/_get_line_data,4,3,1,75.00%
pymatgen/analysis/defects/plotting/thermo.py/labelLines,4,1,3,25.00%
pymatgen/analysis/defects/plotting/utils.py/get_line_style_and_color_sequence,5,3,2,60.00%
pymatgen/analysis/defects/plotting/optics.py/plot_optical_transitions,5,4,1,80.00%
pymatgen/analysis/defects/plotting/optics.py/get_bs_eigenvalues,4,4,0,100.00%
pymatgen/analysis/defects/plotting/optics.py/_plot_eigs,5,5,0,100.00%
pymatgen/analysis/defects/plotting/optics.py/_plot_matrix_elements,5,4,1,80.00%
pymatgen/analysis/defects/plotting/optics.py/_get_dataframe,5,4,1,80.00%
pymatgen/analysis/defects/corrections/kumagai.py/_check_import_pydefect,5,5,0,100.00%
pymatgen/analysis/defects/corrections/kumagai.py/get_structure_with_pot,5,5,0,100.00%
pymatgen/analysis/defects/corrections/kumagai.py/get_efnv_correction,5,5,0,100.00%
pymatgen/analysis/defects/corrections/freysoldt.py/get_freysoldt_correction,5,5,0,100.00%
pymatgen/analysis/defects/corrections/freysoldt.py/perform_es_corr,5,5,0,100.00%
pymatgen/analysis/defects/corrections/freysoldt.py/e_iso,5,4,1,80.00%
pymatgen/analysis/defects/corrections/freysoldt.py/e_per,5,5,0,100.00%
pymatgen/analysis/defects/corrections/freysoldt.py/perform_pot_corr,5,5,0,100.00%
pymatgen/analysis/defects/corrections/freysoldt.py/plot_plnr_avg,5,5,0,100.00%
pymatgen/analysis/chemenv/connectivity/connected_components.py/draw_network,5,5,0,100.00%
pymatgen/analysis/chemenv/connectivity/connected_components.py/make_supergraph,5,3,2,60.00%
pymatgen/analysis/chemenv/connectivity/connected_components.py/ConnectedComponent,5,5,0,100.00%
pymatgen/analysis/chemenv/connectivity/connected_components.py/__init__,5,3,2,60.00%
pymatgen/analysis/chemenv/connectivity/connected_components.py/coordination_sequence,5,4,1,80.00%
pymatgen/analysis/chemenv/connectivity/connected_components.py/__len__,4,4,0,100.00%
pymatgen/analysis/chemenv/connectivity/connected_components.py/compute_periodicity,5,5,0,100.00%
pymatgen/analysis/chemenv/connectivity/connected_components.py/compute_periodicity_all_simple_paths_algorithm,5,4,1,80.00%
pymatgen/analysis/chemenv/connectivity/connected_components.py/compute_periodicity_cycle_basis,5,5,0,100.00%
pymatgen/analysis/chemenv/connectivity/connected_components.py/make_supergraph,10,8,2,80.00%
pymatgen/analysis/chemenv/connectivity/connected_components.py/show_graph,5,4,1,80.00%
pymatgen/analysis/chemenv/connectivity/connected_components.py/graph,5,4,1,80.00%
pymatgen/analysis/chemenv/connectivity/connected_components.py/is_periodic,5,4,1,80.00%
pymatgen/analysis/chemenv/connectivity/connected_components.py/is_0d,5,4,1,80.00%
pymatgen/analysis/chemenv/connectivity/connected_components.py/is_1d,5,4,1,80.00%
pymatgen/analysis/chemenv/connectivity/connected_components.py/is_2d,5,5,0,100.00%
pymatgen/analysis/chemenv/connectivity/connected_components.py/is_3d,5,4,1,80.00%
pymatgen/analysis/chemenv/connectivity/connected_components.py/_order_vectors,5,4,1,80.00%
pymatgen/analysis/chemenv/connectivity/connected_components.py/_order_periodicity_vectors,5,3,2,60.00%
pymatgen/analysis/chemenv/connectivity/connected_components.py/periodicity_vectors,5,4,1,80.00%
pymatgen/analysis/chemenv/connectivity/connected_components.py/periodicity,5,4,1,80.00%
pymatgen/analysis/chemenv/connectivity/connected_components.py/elastic_centered_graph,4,4,0,100.00%
pymatgen/analysis/chemenv/connectivity/connected_components.py/_edge_key_to_edge_dict_key,5,2,3,40.00%
pymatgen/analysis/chemenv/connectivity/connected_components.py/_edgedictkey_to_edgekey,5,4,1,80.00%
pymatgen/analysis/chemenv/connectivity/connected_components.py/_retuplify_edgedata,5,4,1,80.00%
pymatgen/analysis/chemenv/connectivity/connected_components.py/as_dict,5,5,0,100.00%
pymatgen/analysis/chemenv/connectivity/connected_components.py/from_dict,5,4,1,80.00%
pymatgen/analysis/chemenv/connectivity/connected_components.py/from_graph,5,4,1,80.00%
pymatgen/analysis/chemenv/connectivity/connected_components.py/description,5,4,1,80.00%
pymatgen/analysis/chemenv/connectivity/structure_connectivity.py/get_delta_image,5,3,2,60.00%
pymatgen/analysis/chemenv/connectivity/structure_connectivity.py/StructureConnectivity,5,5,0,100.00%
pymatgen/analysis/chemenv/connectivity/structure_connectivity.py/__init__,5,4,1,80.00%
pymatgen/analysis/chemenv/connectivity/structure_connectivity.py/environment_subgraph,4,4,0,100.00%
pymatgen/analysis/chemenv/connectivity/structure_connectivity.py/add_sites,5,3,2,60.00%
pymatgen/analysis/chemenv/connectivity/structure_connectivity.py/add_bonds,5,5,0,100.00%
pymatgen/analysis/chemenv/connectivity/structure_connectivity.py/setup_environment_subgraph,5,5,0,100.00%
pymatgen/analysis/chemenv/connectivity/structure_connectivity.py/setup_connectivity_description,3,3,0,100.00%
pymatgen/analysis/chemenv/connectivity/structure_connectivity.py/get_connected_components,5,5,0,100.00%
pymatgen/analysis/chemenv/connectivity/structure_connectivity.py/setup_atom_environment_subgraph,4,4,0,100.00%
pymatgen/analysis/chemenv/connectivity/structure_connectivity.py/setup_environments_subgraph,4,4,0,100.00%
pymatgen/analysis/chemenv/connectivity/structure_connectivity.py/setup_atom_environments_subgraph,4,4,0,100.00%
pymatgen/analysis/chemenv/connectivity/structure_connectivity.py/print_links,4,4,0,100.00%
pymatgen/analysis/chemenv/connectivity/structure_connectivity.py/as_dict,5,5,0,100.00%
pymatgen/analysis/chemenv/connectivity/structure_connectivity.py/from_dict,5,3,2,60.00%
pymatgen/analysis/chemenv/connectivity/connectivity_finder.py/ConnectivityFinder,5,5,0,100.00%
pymatgen/analysis/chemenv/connectivity/connectivity_finder.py/__init__,4,4,0,100.00%
pymatgen/analysis/chemenv/connectivity/connectivity_finder.py/get_structure_connectivity,5,5,0,100.00%
pymatgen/analysis/chemenv/connectivity/connectivity_finder.py/setup_parameters,4,4,0,100.00%
pymatgen/analysis/chemenv/connectivity/environment_nodes.py/AbstractEnvironmentNode,5,3,2,60.00%
pymatgen/analysis/chemenv/connectivity/environment_nodes.py/__init__,5,5,0,100.00%
pymatgen/analysis/chemenv/connectivity/environment_nodes.py/isite,4,3,1,75.00%
pymatgen/analysis/chemenv/connectivity/environment_nodes.py/__hash__,5,4,1,80.00%
pymatgen/analysis/chemenv/connectivity/environment_nodes.py/__eq__,5,4,1,80.00%
pymatgen/analysis/chemenv/connectivity/environment_nodes.py/__lt__,4,4,0,100.00%
pymatgen/analysis/chemenv/connectivity/environment_nodes.py/everything_equal,4,3,1,75.00%
pymatgen/analysis/chemenv/connectivity/environment_nodes.py/coordination_environment,4,3,1,75.00%
pymatgen/analysis/chemenv/connectivity/environment_nodes.py/ce,5,5,0,100.00%
pymatgen/analysis/chemenv/connectivity/environment_nodes.py/mp_symbol,5,5,0,100.00%
pymatgen/analysis/chemenv/connectivity/environment_nodes.py/ce_symbol,5,3,2,60.00%
pymatgen/analysis/chemenv/connectivity/environment_nodes.py/atom_symbol,5,4,1,80.00%
pymatgen/analysis/chemenv/connectivity/environment_nodes.py/__str__,4,3,1,75.00%
pymatgen/analysis/chemenv/connectivity/environment_nodes.py/EnvironmentNode,5,4,1,80.00%
pymatgen/analysis/chemenv/connectivity/environment_nodes.py/__init__,9,9,0,100.00%
pymatgen/analysis/chemenv/connectivity/environment_nodes.py/coordination_environment,9,7,2,77.78%
pymatgen/analysis/chemenv/connectivity/environment_nodes.py/everything_equal,8,7,1,87.50%
pymatgen/analysis/chemenv/connectivity/environment_nodes.py/get_environment_node,4,4,0,100.00%
pymatgen/analysis/chemenv/coordination_environments/coordination_geometry_finder.py/AbstractGeometry,5,3,2,60.00%
pymatgen/analysis/chemenv/coordination_environments/coordination_geometry_finder.py/__init__,5,4,1,80.00%
pymatgen/analysis/chemenv/coordination_environments/coordination_geometry_finder.py/__str__,4,4,0,100.00%
pymatgen/analysis/chemenv/coordination_environments/coordination_geometry_finder.py/from_cg,5,5,0,100.00%
pymatgen/analysis/chemenv/coordination_environments/coordination_geometry_finder.py/points_wcs_csc,5,3,2,60.00%
pymatgen/analysis/chemenv/coordination_environments/coordination_geometry_finder.py/points_wocs_csc,4,4,0,100.00%
pymatgen/analysis/chemenv/coordination_environments/coordination_geometry_finder.py/points_wcs_ctwcc,5,4,1,80.00%
pymatgen/analysis/chemenv/coordination_environments/coordination_geometry_finder.py/points_wocs_ctwcc,4,4,0,100.00%
pymatgen/analysis/chemenv/coordination_environments/coordination_geometry_finder.py/points_wcs_ctwocc,4,4,0,100.00%
pymatgen/analysis/chemenv/coordination_environments/coordination_geometry_finder.py/points_wocs_ctwocc,5,5,0,100.00%
pymatgen/analysis/chemenv/coordination_environments/coordination_geometry_finder.py/cn,4,1,3,25.00%
pymatgen/analysis/chemenv/coordination_environments/coordination_geometry_finder.py/coordination_number,4,2,2,50.00%
pymatgen/analysis/chemenv/coordination_environments/coordination_geometry_finder.py/symmetry_measure,5,3,2,60.00%
pymatgen/analysis/chemenv/coordination_environments/coordination_geometry_finder.py/find_rotation,5,5,0,100.00%
pymatgen/analysis/chemenv/coordination_environments/coordination_geometry_finder.py/find_scaling_factor,5,4,1,80.00%
pymatgen/analysis/chemenv/coordination_environments/coordination_geometry_finder.py/LocalGeometryFinder,5,5,0,100.00%
pymatgen/analysis/chemenv/coordination_environments/coordination_geometry_finder.py/__init__,10,7,3,70.00%
pymatgen/analysis/chemenv/coordination_environments/coordination_geometry_finder.py/setup_parameters,5,5,0,100.00%
pymatgen/analysis/chemenv/coordination_environments/coordination_geometry_finder.py/setup_parameter,5,2,3,40.00%
pymatgen/analysis/chemenv/coordination_environments/coordination_geometry_finder.py/setup_structure,5,4,1,80.00%
pymatgen/analysis/chemenv/coordination_environments/coordination_geometry_finder.py/get_structure,5,4,1,80.00%
pymatgen/analysis/chemenv/coordination_environments/coordination_geometry_finder.py/set_structure,4,3,1,75.00%
pymatgen/analysis/chemenv/coordination_environments/coordination_geometry_finder.py/compute_coordination_environments,5,5,0,100.00%
pymatgen/analysis/chemenv/coordination_environments/coordination_geometry_finder.py/compute_structure_environments,5,4,1,80.00%
pymatgen/analysis/chemenv/coordination_environments/coordination_geometry_finder.py/update_nb_set_environments,5,3,2,60.00%
pymatgen/analysis/chemenv/coordination_environments/coordination_geometry_finder.py/setup_local_geometry,5,4,1,80.00%
pymatgen/analysis/chemenv/coordination_environments/coordination_geometry_finder.py/setup_test_perfect_environment,5,5,0,100.00%
pymatgen/analysis/chemenv/coordination_environments/coordination_geometry_finder.py/setup_random_structure,4,3,1,75.00%
pymatgen/analysis/chemenv/coordination_environments/coordination_geometry_finder.py/setup_random_indices_local_geometry,5,4,1,80.00%
pymatgen/analysis/chemenv/coordination_environments/coordination_geometry_finder.py/setup_ordered_indices_local_geometry,5,4,1,80.00%
pymatgen/analysis/chemenv/coordination_environments/coordination_geometry_finder.py/setup_explicit_indices_local_geometry,5,4,1,80.00%
pymatgen/analysis/chemenv/coordination_environments/coordination_geometry_finder.py/get_coordination_symmetry_measures,5,5,0,100.00%
pymatgen/analysis/chemenv/coordination_environments/coordination_geometry_finder.py/_update_results_all_csms,5,3,2,60.00%
pymatgen/analysis/chemenv/coordination_environments/coordination_geometry_finder.py/get_coordination_symmetry_measures_optim,5,4,1,80.00%
pymatgen/analysis/chemenv/coordination_environments/coordination_geometry_finder.py/coordination_geometry_symmetry_measures,4,3,1,75.00%
pymatgen/analysis/chemenv/coordination_environments/coordination_geometry_finder.py/coordination_geometry_symmetry_measures_sepplane_optim,4,4,0,100.00%
pymatgen/analysis/chemenv/coordination_environments/coordination_geometry_finder.py/coordination_geometry_symmetry_measures_standard,5,4,1,80.00%
pymatgen/analysis/chemenv/coordination_environments/coordination_geometry_finder.py/coordination_geometry_symmetry_measures_separation_plane,5,4,1,80.00%
pymatgen/analysis/chemenv/coordination_environments/coordination_geometry_finder.py/coordination_geometry_symmetry_measures_separation_plane_optim,5,4,1,80.00%
pymatgen/analysis/chemenv/coordination_environments/coordination_geometry_finder.py/_cg_csm_separation_plane,5,4,1,80.00%
pymatgen/analysis/chemenv/coordination_environments/coordination_geometry_finder.py/_cg_csm_separation_plane_optim1,5,4,1,80.00%
pymatgen/analysis/chemenv/coordination_environments/coordination_geometry_finder.py/_cg_csm_separation_plane_optim2,5,5,0,100.00%
pymatgen/analysis/chemenv/coordination_environments/coordination_geometry_finder.py/coordination_geometry_symmetry_measures_fallback_random,5,5,0,100.00%
pymatgen/analysis/chemenv/coordination_environments/structure_environments.py/StructureEnvironments,5,5,0,100.00%
pymatgen/analysis/chemenv/coordination_environments/structure_environments.py/NeighborsSet,5,5,0,100.00%
pymatgen/analysis/chemenv/coordination_environments/structure_environments.py/__init__,5,4,1,80.00%
pymatgen/analysis/chemenv/coordination_environments/structure_environments.py/get_neighb_voronoi_indices,5,5,0,100.00%
pymatgen/analysis/chemenv/coordination_environments/structure_environments.py/neighb_coords,5,5,0,100.00%
pymatgen/analysis/chemenv/coordination_environments/structure_environments.py/neighb_coordsOpt,4,4,0,100.00%
pymatgen/analysis/chemenv/coordination_environments/structure_environments.py/neighb_sites,3,3,0,100.00%
pymatgen/analysis/chemenv/coordination_environments/structure_environments.py/neighb_sites_and_indices,5,4,1,80.00%
pymatgen/analysis/chemenv/coordination_environments/structure_environments.py/coords,5,5,0,100.00%
pymatgen/analysis/chemenv/coordination_environments/structure_environments.py/normalized_distances,4,3,1,75.00%
pymatgen/analysis/chemenv/coordination_environments/structure_environments.py/normalized_angles,5,5,0,100.00%
pymatgen/analysis/chemenv/coordination_environments/structure_environments.py/distances,4,2,2,50.00%
pymatgen/analysis/chemenv/coordination_environments/structure_environments.py/angles,5,4,1,80.00%
pymatgen/analysis/chemenv/coordination_environments/structure_environments.py/info,5,5,0,100.00%
pymatgen/analysis/chemenv/coordination_environments/structure_environments.py/distance_plateau,5,5,0,100.00%
pymatgen/analysis/chemenv/coordination_environments/structure_environments.py/angle_plateau,5,4,1,80.00%
pymatgen/analysis/chemenv/coordination_environments/structure_environments.py/voronoi_grid_surface_points,5,3,2,60.00%
pymatgen/analysis/chemenv/coordination_environments/structure_environments.py/source,4,3,1,75.00%
pymatgen/analysis/chemenv/coordination_environments/structure_environments.py/add_source,4,3,1,75.00%
pymatgen/analysis/chemenv/coordination_environments/structure_environments.py/__len__,5,5,0,100.00%
pymatgen/analysis/chemenv/coordination_environments/structure_environments.py/__hash__,5,2,3,40.00%
pymatgen/analysis/chemenv/coordination_environments/structure_environments.py/__eq__,5,4,1,80.00%
pymatgen/analysis/chemenv/coordination_environments/structure_environments.py/__str__,5,4,1,80.00%
pymatgen/analysis/chemenv/coordination_environments/structure_environments.py/as_dict,5,5,0,100.00%
pymatgen/analysis/chemenv/coordination_environments/structure_environments.py/from_dict,4,4,0,100.00%
pymatgen/analysis/chemenv/coordination_environments/structure_environments.py/__init__,9,7,2,77.78%
pymatgen/analysis/chemenv/coordination_environments/structure_environments.py/init_neighbors_sets,5,4,1,80.00%
pymatgen/analysis/chemenv/coordination_environments/structure_environments.py/add_neighbors_set,5,3,2,60.00%
pymatgen/analysis/chemenv/coordination_environments/structure_environments.py/update_coordination_environments,5,4,1,80.00%
pymatgen/analysis/chemenv/coordination_environments/structure_environments.py/update_site_info,5,4,1,80.00%
pymatgen/analysis/chemenv/coordination_environments/structure_environments.py/get_coordination_environments,5,4,1,80.00%
pymatgen/analysis/chemenv/coordination_environments/structure_environments.py/get_csm,4,4,0,100.00%
pymatgen/analysis/chemenv/coordination_environments/structure_environments.py/get_csms,5,3,2,60.00%
pymatgen/analysis/chemenv/coordination_environments/structure_environments.py/plot_csm_and_maps,4,4,0,100.00%
pymatgen/analysis/chemenv/coordination_environments/structure_environments.py/get_csm_and_maps,5,4,1,80.00%
pymatgen/analysis/chemenv/coordination_environments/structure_environments.py/yang,5,2,3,40.00%
pymatgen/analysis/chemenv/coordination_environments/structure_environments.py/ydist,5,2,3,40.00%
pymatgen/analysis/chemenv/coordination_environments/structure_environments.py/get_environments_figure,5,4,1,80.00%
pymatgen/analysis/chemenv/coordination_environments/structure_environments.py/dp_func,5,4,1,80.00%
pymatgen/analysis/chemenv/coordination_environments/structure_environments.py/ap_func,5,2,3,40.00%
pymatgen/analysis/chemenv/coordination_environments/structure_environments.py/dp_func,9,8,1,88.89%
pymatgen/analysis/chemenv/coordination_environments/structure_environments.py/ap_func,10,7,3,70.00%
pymatgen/analysis/chemenv/coordination_environments/structure_environments.py/plot_environments,5,5,0,100.00%
pymatgen/analysis/chemenv/coordination_environments/structure_environments.py/save_environments_figure,5,5,0,100.00%
pymatgen/analysis/chemenv/coordination_environments/structure_environments.py/differences_wrt,5,3,2,60.00%
pymatgen/analysis/chemenv/coordination_environments/structure_environments.py/__eq__,9,8,1,88.89%
pymatgen/analysis/chemenv/coordination_environments/structure_environments.py/as_dict,10,9,1,90.00%
pymatgen/analysis/chemenv/coordination_environments/structure_environments.py/from_dict,9,8,1,88.89%
pymatgen/analysis/chemenv/coordination_environments/structure_environments.py/LightStructureEnvironments,5,5,0,100.00%
pymatgen/analysis/chemenv/coordination_environments/structure_environments.py/NeighborsSet,10,8,2,80.00%
pymatgen/analysis/chemenv/coordination_environments/structure_environments.py/__init__,13,11,2,84.62%
pymatgen/analysis/chemenv/coordination_environments/structure_environments.py/neighb_coords,9,8,1,88.89%
pymatgen/analysis/chemenv/coordination_environments/structure_environments.py/neighb_sites,7,7,0,100.00%
pymatgen/analysis/chemenv/coordination_environments/structure_environments.py/neighb_sites_and_indices,9,7,2,77.78%
pymatgen/analysis/chemenv/coordination_environments/structure_environments.py/neighb_indices_and_images,4,2,2,50.00%
pymatgen/analysis/chemenv/coordination_environments/structure_environments.py/__len__,10,9,1,90.00%
pymatgen/analysis/chemenv/coordination_environments/structure_environments.py/__hash__,10,5,5,50.00%
pymatgen/analysis/chemenv/coordination_environments/structure_environments.py/__eq__,14,12,2,85.71%
pymatgen/analysis/chemenv/coordination_environments/structure_environments.py/__str__,10,8,2,80.00%
pymatgen/analysis/chemenv/coordination_environments/structure_environments.py/as_dict,14,12,2,85.71%
pymatgen/analysis/chemenv/coordination_environments/structure_environments.py/from_dict,14,12,2,85.71%
pymatgen/analysis/chemenv/coordination_environments/structure_environments.py/__init__,18,16,2,88.89%
pymatgen/analysis/chemenv/coordination_environments/structure_environments.py/from_structure_environments,5,5,0,100.00%
pymatgen/analysis/chemenv/coordination_environments/structure_environments.py/setup_statistic_lists,5,5,0,100.00%
pymatgen/analysis/chemenv/coordination_environments/structure_environments.py/get_site_info_for_specie_ce,5,4,1,80.00%
pymatgen/analysis/chemenv/coordination_environments/structure_environments.py/get_site_info_for_specie_allces,5,4,1,80.00%
pymatgen/analysis/chemenv/coordination_environments/structure_environments.py/get_statistics,4,4,0,100.00%
pymatgen/analysis/chemenv/coordination_environments/structure_environments.py/contains_only_one_anion_atom,4,4,0,100.00%
pymatgen/analysis/chemenv/coordination_environments/structure_environments.py/contains_only_one_anion,5,3,2,60.00%
pymatgen/analysis/chemenv/coordination_environments/structure_environments.py/site_contains_environment,5,5,0,100.00%
pymatgen/analysis/chemenv/coordination_environments/structure_environments.py/site_has_clear_environment,5,5,0,100.00%
pymatgen/analysis/chemenv/coordination_environments/structure_environments.py/structure_has_clear_environments,5,5,0,100.00%
pymatgen/analysis/chemenv/coordination_environments/structure_environments.py/clear_environments,5,4,1,80.00%
pymatgen/analysis/chemenv/coordination_environments/structure_environments.py/structure_contains_atom_environment,5,5,0,100.00%
pymatgen/analysis/chemenv/coordination_environments/structure_environments.py/environments_identified,5,4,1,80.00%
pymatgen/analysis/chemenv/coordination_environments/structure_environments.py/uniquely_determines_coordination_environments,5,4,1,80.00%
pymatgen/analysis/chemenv/coordination_environments/structure_environments.py/__eq__,19,17,2,89.47%
pymatgen/analysis/chemenv/coordination_environments/structure_environments.py/as_dict,19,16,3,84.21%
pymatgen/analysis/chemenv/coordination_environments/structure_environments.py/from_dict,18,16,2,88.89%
pymatgen/analysis/chemenv/coordination_environments/structure_environments.py/ChemicalEnvironments,5,4,1,80.00%
pymatgen/analysis/chemenv/coordination_environments/structure_environments.py/__init__,22,19,3,86.36%
pymatgen/analysis/chemenv/coordination_environments/structure_environments.py/__getitem__,5,5,0,100.00%
pymatgen/analysis/chemenv/coordination_environments/structure_environments.py/__len__,15,14,1,93.33%
pymatgen/analysis/chemenv/coordination_environments/structure_environments.py/__iter__,4,4,0,100.00%
pymatgen/analysis/chemenv/coordination_environments/structure_environments.py/minimum_geometry,5,4,1,80.00%
pymatgen/analysis/chemenv/coordination_environments/structure_environments.py/minimum_geometries,5,5,0,100.00%
pymatgen/analysis/chemenv/coordination_environments/structure_environments.py/add_coord_geom,5,5,0,100.00%
pymatgen/analysis/chemenv/coordination_environments/structure_environments.py/__str__,14,12,2,85.71%
pymatgen/analysis/chemenv/coordination_environments/structure_environments.py/is_close_to,5,5,0,100.00%
pymatgen/analysis/chemenv/coordination_environments/structure_environments.py/__eq__,24,22,2,91.67%
pymatgen/analysis/chemenv/coordination_environments/structure_environments.py/as_dict,23,20,3,86.96%
pymatgen/analysis/chemenv/coordination_environments/structure_environments.py/from_dict,23,21,2,91.30%
pymatgen/analysis/chemenv/coordination_environments/voronoi.py/from_bson_voronoi_list2,5,5,0,100.00%
pymatgen/analysis/chemenv/coordination_environments/voronoi.py/DetailedVoronoiContainer,5,5,0,100.00%
pymatgen/analysis/chemenv/coordination_environments/voronoi.py/__init__,5,5,0,100.00%
pymatgen/analysis/chemenv/coordination_environments/voronoi.py/setup_voronoi_list,5,4,1,80.00%
pymatgen/analysis/chemenv/coordination_environments/voronoi.py/setup_neighbors_distances_and_angles,5,5,0,100.00%
pymatgen/analysis/chemenv/coordination_environments/voronoi.py/_precompute_additional_conditions,5,5,0,100.00%
pymatgen/analysis/chemenv/coordination_environments/voronoi.py/_precompute_distance_conditions,5,5,0,100.00%
pymatgen/analysis/chemenv/coordination_environments/voronoi.py/_precompute_angle_conditions,4,4,0,100.00%
pymatgen/analysis/chemenv/coordination_environments/voronoi.py/neighbors_surfaces,5,4,1,80.00%
pymatgen/analysis/chemenv/coordination_environments/voronoi.py/neighbors_surfaces_bounded,5,4,1,80.00%
pymatgen/analysis/chemenv/coordination_environments/voronoi.py/_get_vertices_dist_ang_indices,5,5,0,100.00%
pymatgen/analysis/chemenv/coordination_environments/voronoi.py/maps_and_surfaces,5,5,0,100.00%
pymatgen/analysis/chemenv/coordination_environments/voronoi.py/maps_and_surfaces_bounded,4,3,1,75.00%
pymatgen/analysis/chemenv/coordination_environments/voronoi.py/neighbors,5,4,1,80.00%
pymatgen/analysis/chemenv/coordination_environments/voronoi.py/voronoi_parameters_bounds_and_limits,5,4,1,80.00%
pymatgen/analysis/chemenv/coordination_environments/voronoi.py/is_close_to,5,5,0,100.00%
pymatgen/analysis/chemenv/coordination_environments/voronoi.py/get_rdf_figure,5,4,1,80.00%
pymatgen/analysis/chemenv/coordination_environments/voronoi.py/dp_func,5,4,1,80.00%
pymatgen/analysis/chemenv/coordination_environments/voronoi.py/get_sadf_figure,5,3,2,60.00%
pymatgen/analysis/chemenv/coordination_environments/voronoi.py/ap_func,5,4,1,80.00%
pymatgen/analysis/chemenv/coordination_environments/voronoi.py/__eq__,5,5,0,100.00%
pymatgen/analysis/chemenv/coordination_environments/voronoi.py/to_bson_voronoi_list2,4,4,0,100.00%
pymatgen/analysis/chemenv/coordination_environments/voronoi.py/as_dict,5,5,0,100.00%
pymatgen/analysis/chemenv/coordination_environments/voronoi.py/from_dict,5,4,1,80.00%
pymatgen/analysis/chemenv/coordination_environments/coordination_geometries.py/AbstractChemenvAlgorithm,5,4,1,80.00%
pymatgen/analysis/chemenv/coordination_environments/coordination_geometries.py/__init__,3,3,0,100.00%
pymatgen/analysis/chemenv/coordination_environments/coordination_geometries.py/as_dict,5,5,0,100.00%
pymatgen/analysis/chemenv/coordination_environments/coordination_geometries.py/algorithm_type,4,3,1,75.00%
pymatgen/analysis/chemenv/coordination_environments/coordination_geometries.py/__str__,5,4,1,80.00%
pymatgen/analysis/chemenv/coordination_environments/coordination_geometries.py/ExplicitPermutationsAlgorithm,5,3,2,60.00%
pymatgen/analysis/chemenv/coordination_environments/coordination_geometries.py/__init__,7,6,1,85.71%
pymatgen/analysis/chemenv/coordination_environments/coordination_geometries.py/__str__,10,8,2,80.00%
pymatgen/analysis/chemenv/coordination_environments/coordination_geometries.py/permutations,3,2,1,66.67%
pymatgen/analysis/chemenv/coordination_environments/coordination_geometries.py/as_dict,10,10,0,100.00%
pymatgen/analysis/chemenv/coordination_environments/coordination_geometries.py/from_dict,4,4,0,100.00%
pymatgen/analysis/chemenv/coordination_environments/coordination_geometries.py/SeparationPlane,5,3,2,60.00%
pymatgen/analysis/chemenv/coordination_environments/coordination_geometries.py/__init__,12,11,1,91.67%
pymatgen/analysis/chemenv/coordination_environments/coordination_geometries.py/permutations,8,5,3,62.50%
pymatgen/analysis/chemenv/coordination_environments/coordination_geometries.py/ref_separation_perm,4,4,0,100.00%
pymatgen/analysis/chemenv/coordination_environments/coordination_geometries.py/argsorted_ref_separation_perm,4,4,0,100.00%
pymatgen/analysis/chemenv/coordination_environments/coordination_geometries.py/safe_separation_permutations,4,4,0,100.00%
pymatgen/analysis/chemenv/coordination_environments/coordination_geometries.py/rotate,5,2,3,40.00%
pymatgen/analysis/chemenv/coordination_environments/coordination_geometries.py/as_dict,15,15,0,100.00%
pymatgen/analysis/chemenv/coordination_environments/coordination_geometries.py/from_dict,8,8,0,100.00%
pymatgen/analysis/chemenv/coordination_environments/coordination_geometries.py/__str__,14,11,3,78.57%
pymatgen/analysis/chemenv/coordination_environments/coordination_geometries.py/CoordinationGeometry,5,5,0,100.00%
pymatgen/analysis/chemenv/coordination_environments/coordination_geometries.py/NeighborsSetsHints,5,5,0,100.00%
pymatgen/analysis/chemenv/coordination_environments/coordination_geometries.py/__init__,16,15,1,93.75%
pymatgen/analysis/chemenv/coordination_environments/coordination_geometries.py/hints,4,4,0,100.00%
pymatgen/analysis/chemenv/coordination_environments/coordination_geometries.py/single_cap_hints,4,3,1,75.00%
pymatgen/analysis/chemenv/coordination_environments/coordination_geometries.py/double_cap_hints,5,5,0,100.00%
pymatgen/analysis/chemenv/coordination_environments/coordination_geometries.py/triple_cap_hints,5,2,3,40.00%
pymatgen/analysis/chemenv/coordination_environments/coordination_geometries.py/as_dict,20,20,0,100.00%
pymatgen/analysis/chemenv/coordination_environments/coordination_geometries.py/from_dict,13,13,0,100.00%
pymatgen/analysis/chemenv/coordination_environments/coordination_geometries.py/__init__,21,20,1,95.24%
pymatgen/analysis/chemenv/coordination_environments/coordination_geometries.py/as_dict,25,23,2,92.00%
pymatgen/analysis/chemenv/coordination_environments/coordination_geometries.py/from_dict,18,18,0,100.00%
pymatgen/analysis/chemenv/coordination_environments/coordination_geometries.py/__str__,18,14,4,77.78%
pymatgen/analysis/chemenv/coordination_environments/coordination_geometries.py/__repr__,5,5,0,100.00%
pymatgen/analysis/chemenv/coordination_environments/coordination_geometries.py/__len__,5,5,0,100.00%
pymatgen/analysis/chemenv/coordination_environments/coordination_geometries.py/distfactor_max,5,5,0,100.00%
pymatgen/analysis/chemenv/coordination_environments/coordination_geometries.py/coordination_number,5,5,0,100.00%
pymatgen/analysis/chemenv/coordination_environments/coordination_geometries.py/pauling_stability_ratio,5,5,0,100.00%
pymatgen/analysis/chemenv/coordination_environments/coordination_geometries.py/mp_symbol,5,5,0,100.00%
pymatgen/analysis/chemenv/coordination_environments/coordination_geometries.py/ce_symbol,5,5,0,100.00%
pymatgen/analysis/chemenv/coordination_environments/coordination_geometries.py/get_coordination_number,5,5,0,100.00%
pymatgen/analysis/chemenv/coordination_environments/coordination_geometries.py/is_implemented,5,2,3,40.00%
pymatgen/analysis/chemenv/coordination_environments/coordination_geometries.py/get_name,5,4,1,80.00%
pymatgen/analysis/chemenv/coordination_environments/coordination_geometries.py/IUPAC_symbol,4,4,0,100.00%
pymatgen/analysis/chemenv/coordination_environments/coordination_geometries.py/IUPAC_symbol_str,4,4,0,100.00%
pymatgen/analysis/chemenv/coordination_environments/coordination_geometries.py/IUCr_symbol,5,4,1,80.00%
pymatgen/analysis/chemenv/coordination_environments/coordination_geometries.py/IUCr_symbol_str,5,5,0,100.00%
pymatgen/analysis/chemenv/coordination_environments/coordination_geometries.py/number_of_permutations,5,4,1,80.00%
pymatgen/analysis/chemenv/coordination_environments/coordination_geometries.py/ref_permutation,5,3,2,60.00%
pymatgen/analysis/chemenv/coordination_environments/coordination_geometries.py/algorithms,3,2,1,66.67%
pymatgen/analysis/chemenv/coordination_environments/coordination_geometries.py/get_central_site,4,4,0,100.00%
pymatgen/analysis/chemenv/coordination_environments/coordination_geometries.py/faces,5,3,2,60.00%
pymatgen/analysis/chemenv/coordination_environments/coordination_geometries.py/edges,5,4,1,80.00%
pymatgen/analysis/chemenv/coordination_environments/coordination_geometries.py/solid_angles,5,5,0,100.00%
pymatgen/analysis/chemenv/coordination_environments/coordination_geometries.py/get_pmeshes,5,4,1,80.00%
pymatgen/analysis/chemenv/coordination_environments/coordination_geometries.py/AllCoordinationGeometries,5,5,0,100.00%
pymatgen/analysis/chemenv/coordination_environments/coordination_geometries.py/__init__,26,24,2,92.31%
pymatgen/analysis/chemenv/coordination_environments/coordination_geometries.py/__getitem__,5,5,0,100.00%
pymatgen/analysis/chemenv/coordination_environments/coordination_geometries.py/__contains__,5,5,0,100.00%
pymatgen/analysis/chemenv/coordination_environments/coordination_geometries.py/__repr__,10,9,1,90.00%
pymatgen/analysis/chemenv/coordination_environments/coordination_geometries.py/__str__,23,19,4,82.61%
pymatgen/analysis/chemenv/coordination_environments/coordination_geometries.py/get_geometries,5,5,0,100.00%
pymatgen/analysis/chemenv/coordination_environments/coordination_geometries.py/get_symbol_name_mapping,5,5,0,100.00%
pymatgen/analysis/chemenv/coordination_environments/coordination_geometries.py/get_symbol_cn_mapping,5,5,0,100.00%
pymatgen/analysis/chemenv/coordination_environments/coordination_geometries.py/get_implemented_geometries,5,3,2,60.00%
pymatgen/analysis/chemenv/coordination_environments/coordination_geometries.py/get_not_implemented_geometries,5,4,1,80.00%
pymatgen/analysis/chemenv/coordination_environments/coordination_geometries.py/get_geometry_from_name,5,3,2,60.00%
pymatgen/analysis/chemenv/coordination_environments/coordination_geometries.py/get_geometry_from_IUPAC_symbol,4,3,1,75.00%
pymatgen/analysis/chemenv/coordination_environments/coordination_geometries.py/get_geometry_from_IUCr_symbol,4,3,1,75.00%
pymatgen/analysis/chemenv/coordination_environments/coordination_geometries.py/get_geometry_from_mp_symbol,5,4,1,80.00%
pymatgen/analysis/chemenv/coordination_environments/coordination_geometries.py/is_a_valid_coordination_geometry,5,3,2,60.00%
pymatgen/analysis/chemenv/coordination_environments/coordination_geometries.py/pretty_print,5,5,0,100.00%
pymatgen/analysis/chemenv/coordination_environments/chemenv_strategies.py/StrategyOption,5,4,1,80.00%
pymatgen/analysis/chemenv/coordination_environments/chemenv_strategies.py/as_dict,4,3,1,75.00%
pymatgen/analysis/chemenv/coordination_environments/chemenv_strategies.py/DistanceCutoffFloat,5,4,1,80.00%
pymatgen/analysis/chemenv/coordination_environments/chemenv_strategies.py/__new__,5,2,3,40.00%
pymatgen/analysis/chemenv/coordination_environments/chemenv_strategies.py/as_dict,9,8,1,88.89%
pymatgen/analysis/chemenv/coordination_environments/chemenv_strategies.py/from_dict,5,4,1,80.00%
pymatgen/analysis/chemenv/coordination_environments/chemenv_strategies.py/AngleCutoffFloat,5,5,0,100.00%
pymatgen/analysis/chemenv/coordination_environments/chemenv_strategies.py/__new__,10,6,4,60.00%
pymatgen/analysis/chemenv/coordination_environments/chemenv_strategies.py/as_dict,14,12,2,85.71%
pymatgen/analysis/chemenv/coordination_environments/chemenv_strategies.py/from_dict,10,8,2,80.00%
pymatgen/analysis/chemenv/coordination_environments/chemenv_strategies.py/CSMFloat,5,3,2,60.00%
pymatgen/analysis/chemenv/coordination_environments/chemenv_strategies.py/__new__,15,9,6,60.00%
pymatgen/analysis/chemenv/coordination_environments/chemenv_strategies.py/as_dict,18,14,4,77.78%
pymatgen/analysis/chemenv/coordination_environments/chemenv_strategies.py/from_dict,15,13,2,86.67%
pymatgen/analysis/chemenv/coordination_environments/chemenv_strategies.py/AdditionalConditionInt,5,5,0,100.00%
pymatgen/analysis/chemenv/coordination_environments/chemenv_strategies.py/__new__,20,13,7,65.00%
pymatgen/analysis/chemenv/coordination_environments/chemenv_strategies.py/as_dict,22,17,5,77.27%
pymatgen/analysis/chemenv/coordination_environments/chemenv_strategies.py/from_dict,20,18,2,90.00%
pymatgen/analysis/chemenv/coordination_environments/chemenv_strategies.py/AbstractChemenvStrategy,5,5,0,100.00%
pymatgen/analysis/chemenv/coordination_environments/chemenv_strategies.py/__init__,5,5,0,100.00%
pymatgen/analysis/chemenv/coordination_environments/chemenv_strategies.py/symmetry_measure_type,5,5,0,100.00%
pymatgen/analysis/chemenv/coordination_environments/chemenv_strategies.py/set_structure_environments,4,3,1,75.00%
pymatgen/analysis/chemenv/coordination_environments/chemenv_strategies.py/prepare_symmetries,4,4,0,100.00%
pymatgen/analysis/chemenv/coordination_environments/chemenv_strategies.py/equivalent_site_index_and_transform,5,5,0,100.00%
pymatgen/analysis/chemenv/coordination_environments/chemenv_strategies.py/get_site_neighbors,5,5,0,100.00%
pymatgen/analysis/chemenv/coordination_environments/chemenv_strategies.py/uniquely_determines_coordination_environments,4,4,0,100.00%
pymatgen/analysis/chemenv/coordination_environments/chemenv_strategies.py/get_site_coordination_environment,5,5,0,100.00%
pymatgen/analysis/chemenv/coordination_environments/chemenv_strategies.py/get_site_coordination_environments,5,3,2,60.00%
pymatgen/analysis/chemenv/coordination_environments/chemenv_strategies.py/get_site_coordination_environments_fractions,5,4,1,80.00%
pymatgen/analysis/chemenv/coordination_environments/chemenv_strategies.py/get_site_ce_fractions_and_neighbors,5,4,1,80.00%
pymatgen/analysis/chemenv/coordination_environments/chemenv_strategies.py/set_option,4,4,0,100.00%
pymatgen/analysis/chemenv/coordination_environments/chemenv_strategies.py/setup_options,4,4,0,100.00%
pymatgen/analysis/chemenv/coordination_environments/chemenv_strategies.py/__eq__,4,4,0,100.00%
pymatgen/analysis/chemenv/coordination_environments/chemenv_strategies.py/__str__,5,3,2,60.00%
pymatgen/analysis/chemenv/coordination_environments/chemenv_strategies.py/as_dict,27,22,5,81.48%
pymatgen/analysis/chemenv/coordination_environments/chemenv_strategies.py/from_dict,24,22,2,91.67%
pymatgen/analysis/chemenv/coordination_environments/chemenv_strategies.py/SimplestChemenvStrategy,5,5,0,100.00%
pymatgen/analysis/chemenv/coordination_environments/chemenv_strategies.py/__init__,9,8,1,88.89%
pymatgen/analysis/chemenv/coordination_environments/chemenv_strategies.py/uniquely_determines_coordination_environments,9,9,0,100.00%
pymatgen/analysis/chemenv/coordination_environments/chemenv_strategies.py/distance_cutoff,4,4,0,100.00%
pymatgen/analysis/chemenv/coordination_environments/chemenv_strategies.py/distance_cutoff,9,8,1,88.89%
pymatgen/analysis/chemenv/coordination_environments/chemenv_strategies.py/angle_cutoff,5,4,1,80.00%
pymatgen/analysis/chemenv/coordination_environments/chemenv_strategies.py/angle_cutoff,9,6,3,66.67%
pymatgen/analysis/chemenv/coordination_environments/chemenv_strategies.py/additional_condition,5,4,1,80.00%
pymatgen/analysis/chemenv/coordination_environments/chemenv_strategies.py/additional_condition,10,9,1,90.00%
pymatgen/analysis/chemenv/coordination_environments/chemenv_strategies.py/continuous_symmetry_measure_cutoff,5,3,2,60.00%
pymatgen/analysis/chemenv/coordination_environments/chemenv_strategies.py/continuous_symmetry_measure_cutoff,10,5,5,50.00%
pymatgen/analysis/chemenv/coordination_environments/chemenv_strategies.py/get_site_neighbors,10,10,0,100.00%
pymatgen/analysis/chemenv/coordination_environments/chemenv_strategies.py/get_site_coordination_environment,10,10,0,100.00%
pymatgen/analysis/chemenv/coordination_environments/chemenv_strategies.py/get_site_coordination_environments_fractions,10,8,2,80.00%
pymatgen/analysis/chemenv/coordination_environments/chemenv_strategies.py/get_site_coordination_environments,10,7,3,70.00%
pymatgen/analysis/chemenv/coordination_environments/chemenv_strategies.py/add_strategy_visualization_to_subplot,4,4,0,100.00%
pymatgen/analysis/chemenv/coordination_environments/chemenv_strategies.py/__eq__,9,9,0,100.00%
pymatgen/analysis/chemenv/coordination_environments/chemenv_strategies.py/as_dict,32,27,5,84.38%
pymatgen/analysis/chemenv/coordination_environments/chemenv_strategies.py/from_dict,29,26,3,89.66%
pymatgen/analysis/chemenv/coordination_environments/chemenv_strategies.py/SimpleAbundanceChemenvStrategy,5,4,1,80.00%
pymatgen/analysis/chemenv/coordination_environments/chemenv_strategies.py/__init__,14,13,1,92.86%
pymatgen/analysis/chemenv/coordination_environments/chemenv_strategies.py/uniquely_determines_coordination_environments,13,12,1,92.31%
pymatgen/analysis/chemenv/coordination_environments/chemenv_strategies.py/get_site_neighbors,15,15,0,100.00%
pymatgen/analysis/chemenv/coordination_environments/chemenv_strategies.py/get_site_coordination_environment,15,15,0,100.00%
pymatgen/analysis/chemenv/coordination_environments/chemenv_strategies.py/get_site_coordination_environments,15,10,5,66.67%
pymatgen/analysis/chemenv/coordination_environments/chemenv_strategies.py/_get_map,5,4,1,80.00%
pymatgen/analysis/chemenv/coordination_environments/chemenv_strategies.py/_get_maps_surfaces,5,4,1,80.00%
pymatgen/analysis/chemenv/coordination_environments/chemenv_strategies.py/__eq__,14,13,1,92.86%
pymatgen/analysis/chemenv/coordination_environments/chemenv_strategies.py/as_dict,37,31,6,83.78%
pymatgen/analysis/chemenv/coordination_environments/chemenv_strategies.py/from_dict,34,30,4,88.24%
pymatgen/analysis/chemenv/coordination_environments/chemenv_strategies.py/TargetedPenaltiedAbundanceChemenvStrategy,5,5,0,100.00%
pymatgen/analysis/chemenv/coordination_environments/chemenv_strategies.py/__init__,19,18,1,94.74%
pymatgen/analysis/chemenv/coordination_environments/chemenv_strategies.py/get_site_coordination_environment,20,20,0,100.00%
pymatgen/analysis/chemenv/coordination_environments/chemenv_strategies.py/_get_map,10,9,1,90.00%
pymatgen/analysis/chemenv/coordination_environments/chemenv_strategies.py/uniquely_determines_coordination_environments,18,15,3,83.33%
pymatgen/analysis/chemenv/coordination_environments/chemenv_strategies.py/as_dict,42,35,7,83.33%
pymatgen/analysis/chemenv/coordination_environments/chemenv_strategies.py/__eq__,19,18,1,94.74%
pymatgen/analysis/chemenv/coordination_environments/chemenv_strategies.py/from_dict,39,33,6,84.62%
pymatgen/analysis/chemenv/coordination_environments/chemenv_strategies.py/NbSetWeight,5,5,0,100.00%
pymatgen/analysis/chemenv/coordination_environments/chemenv_strategies.py/as_dict,47,40,7,85.11%
pymatgen/analysis/chemenv/coordination_environments/chemenv_strategies.py/weight,4,3,1,75.00%
pymatgen/analysis/chemenv/coordination_environments/chemenv_strategies.py/AngleNbSetWeight,5,4,1,80.00%
pymatgen/analysis/chemenv/coordination_environments/chemenv_strategies.py/__init__,23,22,1,95.65%
pymatgen/analysis/chemenv/coordination_environments/chemenv_strategies.py/weight,8,6,2,75.00%
pymatgen/analysis/chemenv/coordination_environments/chemenv_strategies.py/angle_sum,5,2,3,40.00%
pymatgen/analysis/chemenv/coordination_environments/chemenv_strategies.py/angle_sumn,5,3,2,60.00%
pymatgen/analysis/chemenv/coordination_environments/chemenv_strategies.py/__eq__,24,22,2,91.67%
pymatgen/analysis/chemenv/coordination_environments/chemenv_strategies.py/as_dict,52,45,7,86.54%
pymatgen/analysis/chemenv/coordination_environments/chemenv_strategies.py/from_dict,44,37,7,84.09%
pymatgen/analysis/chemenv/coordination_environments/chemenv_strategies.py/NormalizedAngleDistanceNbSetWeight,5,5,0,100.00%
pymatgen/analysis/chemenv/coordination_environments/chemenv_strategies.py/__init__,28,26,2,92.86%
pymatgen/analysis/chemenv/coordination_environments/chemenv_strategies.py/__eq__,28,26,2,92.86%
pymatgen/analysis/chemenv/coordination_environments/chemenv_strategies.py/as_dict,57,50,7,87.72%
pymatgen/analysis/chemenv/coordination_environments/chemenv_strategies.py/from_dict,49,42,7,85.71%
pymatgen/analysis/chemenv/coordination_environments/chemenv_strategies.py/invdist,4,3,1,75.00%
pymatgen/analysis/chemenv/coordination_environments/chemenv_strategies.py/invndist,5,3,2,60.00%
pymatgen/analysis/chemenv/coordination_environments/chemenv_strategies.py/ang,4,3,1,75.00%
pymatgen/analysis/chemenv/coordination_environments/chemenv_strategies.py/angn,5,4,1,80.00%
pymatgen/analysis/chemenv/coordination_environments/chemenv_strategies.py/anginvdist,5,3,2,60.00%
pymatgen/analysis/chemenv/coordination_environments/chemenv_strategies.py/anginvndist,5,4,1,80.00%
pymatgen/analysis/chemenv/coordination_environments/chemenv_strategies.py/angninvdist,5,2,3,40.00%
pymatgen/analysis/chemenv/coordination_environments/chemenv_strategies.py/angninvndist,5,4,1,80.00%
pymatgen/analysis/chemenv/coordination_environments/chemenv_strategies.py/weight,13,11,2,84.62%
pymatgen/analysis/chemenv/coordination_environments/chemenv_strategies.py/gweight,5,4,1,80.00%
pymatgen/analysis/chemenv/coordination_environments/chemenv_strategies.py/aweight,4,3,1,75.00%
pymatgen/analysis/chemenv/coordination_environments/chemenv_strategies.py/get_effective_csm,5,4,1,80.00%
pymatgen/analysis/chemenv/coordination_environments/chemenv_strategies.py/set_info,5,4,1,80.00%
pymatgen/analysis/chemenv/coordination_environments/chemenv_strategies.py/SelfCSMNbSetWeight,5,5,0,100.00%
pymatgen/analysis/chemenv/coordination_environments/chemenv_strategies.py/__init__,33,30,3,90.91%
pymatgen/analysis/chemenv/coordination_environments/chemenv_strategies.py/weight,18,15,3,83.33%
pymatgen/analysis/chemenv/coordination_environments/chemenv_strategies.py/__eq__,32,30,2,93.75%
pymatgen/analysis/chemenv/coordination_environments/chemenv_strategies.py/as_dict,61,54,7,88.52%
pymatgen/analysis/chemenv/coordination_environments/chemenv_strategies.py/from_dict,53,45,8,84.91%
pymatgen/analysis/chemenv/coordination_environments/chemenv_strategies.py/DeltaCSMNbSetWeight,5,5,0,100.00%
pymatgen/analysis/chemenv/coordination_environments/chemenv_strategies.py/__init__,37,34,3,91.89%
pymatgen/analysis/chemenv/coordination_environments/chemenv_strategies.py/weight,23,19,4,82.61%
pymatgen/analysis/chemenv/coordination_environments/chemenv_strategies.py/__eq__,36,34,2,94.44%
pymatgen/analysis/chemenv/coordination_environments/chemenv_strategies.py/delta_cn_specifics,5,4,1,80.00%
pymatgen/analysis/chemenv/coordination_environments/chemenv_strategies.py/as_dict,65,58,7,89.23%
pymatgen/analysis/chemenv/coordination_environments/chemenv_strategies.py/from_dict,58,48,10,82.76%
pymatgen/analysis/chemenv/coordination_environments/chemenv_strategies.py/CNBiasNbSetWeight,5,5,0,100.00%
pymatgen/analysis/chemenv/coordination_environments/chemenv_strategies.py/__init__,42,39,3,92.86%
pymatgen/analysis/chemenv/coordination_environments/chemenv_strategies.py/weight,28,21,7,75.00%
pymatgen/analysis/chemenv/coordination_environments/chemenv_strategies.py/__eq__,40,37,3,92.50%
pymatgen/analysis/chemenv/coordination_environments/chemenv_strategies.py/as_dict,70,63,7,90.00%
pymatgen/analysis/chemenv/coordination_environments/chemenv_strategies.py/from_dict,63,53,10,84.13%
pymatgen/analysis/chemenv/coordination_environments/chemenv_strategies.py/linearly_equidistant,5,4,1,80.00%
pymatgen/analysis/chemenv/coordination_environments/chemenv_strategies.py/geometrically_equidistant,5,4,1,80.00%
pymatgen/analysis/chemenv/coordination_environments/chemenv_strategies.py/explicit,5,3,2,60.00%
pymatgen/analysis/chemenv/coordination_environments/chemenv_strategies.py/from_description,5,2,3,40.00%
pymatgen/analysis/chemenv/coordination_environments/chemenv_strategies.py/DistanceAngleAreaNbSetWeight,5,4,1,80.00%
pymatgen/analysis/chemenv/coordination_environments/chemenv_strategies.py/__init__,47,44,3,93.62%
pymatgen/analysis/chemenv/coordination_environments/chemenv_strategies.py/weight,32,23,9,71.88%
pymatgen/analysis/chemenv/coordination_environments/chemenv_strategies.py/w_area_has_intersection,4,4,0,100.00%
pymatgen/analysis/chemenv/coordination_environments/chemenv_strategies.py/w_area_intersection_nbsfh_fbs_onb0,5,5,0,100.00%
pymatgen/analysis/chemenv/coordination_environments/chemenv_strategies.py/rectangle_crosses_area,5,4,1,80.00%
pymatgen/analysis/chemenv/coordination_environments/chemenv_strategies.py/__eq__,44,40,4,90.91%
pymatgen/analysis/chemenv/coordination_environments/chemenv_strategies.py/as_dict,75,67,8,89.33%
pymatgen/analysis/chemenv/coordination_environments/chemenv_strategies.py/from_dict,68,57,11,83.82%
pymatgen/analysis/chemenv/coordination_environments/chemenv_strategies.py/DistancePlateauNbSetWeight,5,4,1,80.00%
pymatgen/analysis/chemenv/coordination_environments/chemenv_strategies.py/__init__,51,46,5,90.20%
pymatgen/analysis/chemenv/coordination_environments/chemenv_strategies.py/weight,36,26,10,72.22%
pymatgen/analysis/chemenv/coordination_environments/chemenv_strategies.py/__eq__,48,40,8,83.33%
pymatgen/analysis/chemenv/coordination_environments/chemenv_strategies.py/as_dict,80,72,8,90.00%
pymatgen/analysis/chemenv/coordination_environments/chemenv_strategies.py/from_dict,72,60,12,83.33%
pymatgen/analysis/chemenv/coordination_environments/chemenv_strategies.py/AnglePlateauNbSetWeight,5,4,1,80.00%
pymatgen/analysis/chemenv/coordination_environments/chemenv_strategies.py/__init__,56,48,8,85.71%
pymatgen/analysis/chemenv/coordination_environments/chemenv_strategies.py/weight,40,29,11,72.50%
pymatgen/analysis/chemenv/coordination_environments/chemenv_strategies.py/__eq__,53,41,12,77.36%
pymatgen/analysis/chemenv/coordination_environments/chemenv_strategies.py/as_dict,85,77,8,90.59%
pymatgen/analysis/chemenv/coordination_environments/chemenv_strategies.py/from_dict,76,63,13,82.89%
pymatgen/analysis/chemenv/coordination_environments/chemenv_strategies.py/DistanceNbSetWeight,5,3,2,60.00%
pymatgen/analysis/chemenv/coordination_environments/chemenv_strategies.py/__init__,60,51,9,85.00%
pymatgen/analysis/chemenv/coordination_environments/chemenv_strategies.py/weight,45,33,12,73.33%
pymatgen/analysis/chemenv/coordination_environments/chemenv_strategies.py/__eq__,57,42,15,73.68%
pymatgen/analysis/chemenv/coordination_environments/chemenv_strategies.py/as_dict,90,82,8,91.11%
pymatgen/analysis/chemenv/coordination_environments/chemenv_strategies.py/from_dict,80,67,13,83.75%
pymatgen/analysis/chemenv/coordination_environments/chemenv_strategies.py/DeltaDistanceNbSetWeight,5,5,0,100.00%
pymatgen/analysis/chemenv/coordination_environments/chemenv_strategies.py/__init__,64,55,9,85.94%
pymatgen/analysis/chemenv/coordination_environments/chemenv_strategies.py/weight,50,37,13,74.00%
pymatgen/analysis/chemenv/coordination_environments/chemenv_strategies.py/__eq__,61,43,18,70.49%
pymatgen/analysis/chemenv/coordination_environments/chemenv_strategies.py/as_dict,94,86,8,91.49%
pymatgen/analysis/chemenv/coordination_environments/chemenv_strategies.py/from_dict,85,71,14,83.53%
pymatgen/analysis/chemenv/coordination_environments/chemenv_strategies.py/WeightedNbSetChemenvStrategy,5,4,1,80.00%
pymatgen/analysis/chemenv/coordination_environments/chemenv_strategies.py/__init__,69,59,10,85.51%
pymatgen/analysis/chemenv/coordination_environments/chemenv_strategies.py/uniquely_determines_coordination_environments,22,19,3,86.36%
pymatgen/analysis/chemenv/coordination_environments/chemenv_strategies.py/get_site_coordination_environments_fractions,15,12,3,80.00%
pymatgen/analysis/chemenv/coordination_environments/chemenv_strategies.py/get_site_coordination_environment,24,23,1,95.83%
pymatgen/analysis/chemenv/coordination_environments/chemenv_strategies.py/get_site_neighbors,19,18,1,94.74%
pymatgen/analysis/chemenv/coordination_environments/chemenv_strategies.py/get_site_coordination_environments,20,14,6,70.00%
pymatgen/analysis/chemenv/coordination_environments/chemenv_strategies.py/__eq__,66,48,18,72.73%
pymatgen/analysis/chemenv/coordination_environments/chemenv_strategies.py/as_dict,99,91,8,91.92%
pymatgen/analysis/chemenv/coordination_environments/chemenv_strategies.py/from_dict,89,75,14,84.27%
pymatgen/analysis/chemenv/coordination_environments/chemenv_strategies.py/MultiWeightsChemenvStrategy,5,4,1,80.00%
pymatgen/analysis/chemenv/coordination_environments/chemenv_strategies.py/__init__,74,62,12,83.78%
pymatgen/analysis/chemenv/coordination_environments/chemenv_strategies.py/stats_article_weights_parameters,5,4,1,80.00%
pymatgen/analysis/chemenv/coordination_environments/chemenv_strategies.py/uniquely_determines_coordination_environments,26,23,3,88.46%
pymatgen/analysis/chemenv/coordination_environments/chemenv_strategies.py/__eq__,71,52,19,73.24%
pymatgen/analysis/chemenv/coordination_environments/chemenv_strategies.py/as_dict,104,96,8,92.31%
pymatgen/analysis/chemenv/coordination_environments/chemenv_strategies.py/from_dict,94,80,14,85.11%
pymatgen/analysis/chemenv/utils/chemenv_config.py/ChemEnvConfig,5,4,1,80.00%
pymatgen/analysis/chemenv/utils/chemenv_config.py/__init__,4,2,2,50.00%
pymatgen/analysis/chemenv/utils/chemenv_config.py/setup,5,3,2,60.00%
pymatgen/analysis/chemenv/utils/chemenv_config.py/has_materials_project_access,5,2,3,40.00%
pymatgen/analysis/chemenv/utils/chemenv_config.py/setup_package_options,5,5,0,100.00%
pymatgen/analysis/chemenv/utils/chemenv_config.py/package_options_description,4,4,0,100.00%
pymatgen/analysis/chemenv/utils/chemenv_config.py/save,5,2,3,40.00%
pymatgen/analysis/chemenv/utils/chemenv_config.py/auto_load,5,4,1,80.00%
pymatgen/analysis/chemenv/utils/coordination_geometry_utils.py/get_lower_and_upper_f,5,5,0,100.00%
pymatgen/analysis/chemenv/utils/coordination_geometry_utils.py/function_comparison,5,3,2,60.00%
pymatgen/analysis/chemenv/utils/coordination_geometry_utils.py/quarter_ellipsis_functions,4,4,0,100.00%
pymatgen/analysis/chemenv/utils/coordination_geometry_utils.py/lower,5,3,2,60.00%
pymatgen/analysis/chemenv/utils/coordination_geometry_utils.py/upper,5,4,1,80.00%
pymatgen/analysis/chemenv/utils/coordination_geometry_utils.py/spline_functions,5,5,0,100.00%
pymatgen/analysis/chemenv/utils/coordination_geometry_utils.py/lower,9,7,2,77.78%
pymatgen/analysis/chemenv/utils/coordination_geometry_utils.py/upper,10,9,1,90.00%
pymatgen/analysis/chemenv/utils/coordination_geometry_utils.py/diamond_functions,5,4,1,80.00%
pymatgen/analysis/chemenv/utils/coordination_geometry_utils.py/lower,14,9,5,64.29%
pymatgen/analysis/chemenv/utils/coordination_geometry_utils.py/upper,15,13,2,86.67%
pymatgen/analysis/chemenv/utils/coordination_geometry_utils.py/lower,19,11,8,57.89%
pymatgen/analysis/chemenv/utils/coordination_geometry_utils.py/upper,20,14,6,70.00%
pymatgen/analysis/chemenv/utils/coordination_geometry_utils.py/rectangle_surface_intersection,5,4,1,80.00%
pymatgen/analysis/chemenv/utils/coordination_geometry_utils.py/diff,5,5,0,100.00%
pymatgen/analysis/chemenv/utils/coordination_geometry_utils.py/solid_angle,5,5,0,100.00%
pymatgen/analysis/chemenv/utils/coordination_geometry_utils.py/vectorsToMatrix,4,4,0,100.00%
pymatgen/analysis/chemenv/utils/coordination_geometry_utils.py/matrixTimesVector,5,4,1,80.00%
pymatgen/analysis/chemenv/utils/coordination_geometry_utils.py/rotateCoords,5,5,0,100.00%
pymatgen/analysis/chemenv/utils/coordination_geometry_utils.py/rotateCoordsOpt,5,4,1,80.00%
pymatgen/analysis/chemenv/utils/coordination_geometry_utils.py/changebasis,5,4,1,80.00%
pymatgen/analysis/chemenv/utils/coordination_geometry_utils.py/collinear,3,2,1,66.67%
pymatgen/analysis/chemenv/utils/coordination_geometry_utils.py/anticlockwise_sort,5,4,1,80.00%
pymatgen/analysis/chemenv/utils/coordination_geometry_utils.py/anticlockwise_sort_indices,5,5,0,100.00%
pymatgen/analysis/chemenv/utils/coordination_geometry_utils.py/sort_separation,4,2,2,50.00%
pymatgen/analysis/chemenv/utils/coordination_geometry_utils.py/sort_separation_tuple,5,4,1,80.00%
pymatgen/analysis/chemenv/utils/coordination_geometry_utils.py/separation_in_list,5,4,1,80.00%
pymatgen/analysis/chemenv/utils/coordination_geometry_utils.py/is_anion_cation_bond,5,1,4,20.00%
pymatgen/analysis/chemenv/utils/coordination_geometry_utils.py/Plane,5,5,0,100.00%
pymatgen/analysis/chemenv/utils/coordination_geometry_utils.py/__init__,5,5,0,100.00%
pymatgen/analysis/chemenv/utils/coordination_geometry_utils.py/init_3points,5,5,0,100.00%
pymatgen/analysis/chemenv/utils/coordination_geometry_utils.py/__str__,4,4,0,100.00%
pymatgen/analysis/chemenv/utils/coordination_geometry_utils.py/is_in_plane,4,4,0,100.00%
pymatgen/analysis/chemenv/utils/coordination_geometry_utils.py/is_same_plane_as,4,3,1,75.00%
pymatgen/analysis/chemenv/utils/coordination_geometry_utils.py/is_in_list,4,3,1,75.00%
pymatgen/analysis/chemenv/utils/coordination_geometry_utils.py/indices_separate,4,4,0,100.00%
pymatgen/analysis/chemenv/utils/coordination_geometry_utils.py/distance_to_point,4,3,1,75.00%
pymatgen/analysis/chemenv/utils/coordination_geometry_utils.py/distances,4,3,1,75.00%
pymatgen/analysis/chemenv/utils/coordination_geometry_utils.py/distances_indices_sorted,5,4,1,80.00%
pymatgen/analysis/chemenv/utils/coordination_geometry_utils.py/distances_indices_groups,5,4,1,80.00%
pymatgen/analysis/chemenv/utils/coordination_geometry_utils.py/projectionpoints,4,3,1,75.00%
pymatgen/analysis/chemenv/utils/coordination_geometry_utils.py/orthonormal_vectors,4,3,1,75.00%
pymatgen/analysis/chemenv/utils/coordination_geometry_utils.py/project_and_to2dim_ordered_indices,5,5,0,100.00%
pymatgen/analysis/chemenv/utils/coordination_geometry_utils.py/project_and_to2dim,5,4,1,80.00%
pymatgen/analysis/chemenv/utils/coordination_geometry_utils.py/fit_error,5,4,1,80.00%
pymatgen/analysis/chemenv/utils/coordination_geometry_utils.py/fit_least_square_distance_error,5,5,0,100.00%
pymatgen/analysis/chemenv/utils/coordination_geometry_utils.py/fit_maximum_distance_error,5,5,0,100.00%
pymatgen/analysis/chemenv/utils/coordination_geometry_utils.py/coefficients,5,5,0,100.00%
pymatgen/analysis/chemenv/utils/coordination_geometry_utils.py/abcd,5,3,2,60.00%
pymatgen/analysis/chemenv/utils/coordination_geometry_utils.py/a,4,4,0,100.00%
pymatgen/analysis/chemenv/utils/coordination_geometry_utils.py/b,4,3,1,75.00%
pymatgen/analysis/chemenv/utils/coordination_geometry_utils.py/c,4,4,0,100.00%
pymatgen/analysis/chemenv/utils/coordination_geometry_utils.py/d,4,3,1,75.00%
pymatgen/analysis/chemenv/utils/coordination_geometry_utils.py/distance_to_origin,5,5,0,100.00%
pymatgen/analysis/chemenv/utils/coordination_geometry_utils.py/crosses_origin,4,4,0,100.00%
pymatgen/analysis/chemenv/utils/coordination_geometry_utils.py/from_2points_and_origin,4,4,0,100.00%
pymatgen/analysis/chemenv/utils/coordination_geometry_utils.py/from_3points,5,3,2,60.00%
pymatgen/analysis/chemenv/utils/coordination_geometry_utils.py/from_npoints,5,3,2,60.00%
pymatgen/analysis/chemenv/utils/coordination_geometry_utils.py/from_npoints_least_square_distance,5,4,1,80.00%
pymatgen/analysis/chemenv/utils/coordination_geometry_utils.py/perpendicular_bisector,5,3,2,60.00%
pymatgen/analysis/chemenv/utils/coordination_geometry_utils.py/from_npoints_maximum_distance,5,3,2,60.00%
pymatgen/analysis/chemenv/utils/coordination_geometry_utils.py/from_coefficients,5,5,0,100.00%
pymatgen/analysis/chemenv/utils/func_utils.py/AbstractRatioFunction,5,5,0,100.00%
pymatgen/analysis/chemenv/utils/func_utils.py/__init__,5,5,0,100.00%
pymatgen/analysis/chemenv/utils/func_utils.py/setup_parameters,5,4,1,80.00%
pymatgen/analysis/chemenv/utils/func_utils.py/evaluate,5,4,1,80.00%
pymatgen/analysis/chemenv/utils/func_utils.py/from_dict,4,3,1,75.00%
pymatgen/analysis/chemenv/utils/func_utils.py/RatioFunction,5,3,2,60.00%
pymatgen/analysis/chemenv/utils/func_utils.py/power2_decreasing_exp,4,2,2,50.00%
pymatgen/analysis/chemenv/utils/func_utils.py/smootherstep,4,2,2,50.00%
pymatgen/analysis/chemenv/utils/func_utils.py/smoothstep,5,4,1,80.00%
pymatgen/analysis/chemenv/utils/func_utils.py/inverse_smootherstep,5,4,1,80.00%
pymatgen/analysis/chemenv/utils/func_utils.py/inverse_smoothstep,5,5,0,100.00%
pymatgen/analysis/chemenv/utils/func_utils.py/power2_inverse_decreasing,5,4,1,80.00%
pymatgen/analysis/chemenv/utils/func_utils.py/power2_inverse_power2_decreasing,5,4,1,80.00%
pymatgen/analysis/chemenv/utils/func_utils.py/CSMFiniteRatioFunction,5,3,2,60.00%
pymatgen/analysis/chemenv/utils/func_utils.py/power2_decreasing_exp,8,6,2,75.00%
pymatgen/analysis/chemenv/utils/func_utils.py/smootherstep,9,4,5,44.44%
pymatgen/analysis/chemenv/utils/func_utils.py/smoothstep,10,7,3,70.00%
pymatgen/analysis/chemenv/utils/func_utils.py/fractions,5,3,2,60.00%
pymatgen/analysis/chemenv/utils/func_utils.py/mean_estimator,4,4,0,100.00%
pymatgen/analysis/chemenv/utils/func_utils.py/CSMInfiniteRatioFunction,5,5,0,100.00%
pymatgen/analysis/chemenv/utils/func_utils.py/power2_inverse_decreasing,10,7,3,70.00%
pymatgen/analysis/chemenv/utils/func_utils.py/power2_inverse_power2_decreasing,9,7,2,77.78%
pymatgen/analysis/chemenv/utils/func_utils.py/fractions,10,6,4,60.00%
pymatgen/analysis/chemenv/utils/func_utils.py/mean_estimator,9,9,0,100.00%
pymatgen/analysis/chemenv/utils/func_utils.py/DeltaCSMRatioFunction,5,5,0,100.00%
pymatgen/analysis/chemenv/utils/func_utils.py/smootherstep,14,9,5,64.29%
pymatgen/analysis/chemenv/utils/math_utils.py/_append_es2sequences,5,3,2,60.00%
pymatgen/analysis/chemenv/utils/math_utils.py/_cartesian_product,5,3,2,60.00%
pymatgen/analysis/chemenv/utils/math_utils.py/prime_factors,5,3,2,60.00%
pymatgen/analysis/chemenv/utils/math_utils.py/_factor_generator,5,5,0,100.00%
pymatgen/analysis/chemenv/utils/math_utils.py/divisors,5,5,0,100.00%
pymatgen/analysis/chemenv/utils/math_utils.py/get_center_of_arc,4,3,1,75.00%
pymatgen/analysis/chemenv/utils/math_utils.py/get_linearly_independent_vectors,5,4,1,80.00%
pymatgen/analysis/chemenv/utils/math_utils.py/scale_and_clamp,5,5,0,100.00%
pymatgen/analysis/chemenv/utils/math_utils.py/normal_cdf_step,5,5,0,100.00%
pymatgen/analysis/chemenv/utils/math_utils.py/smoothstep,5,5,0,100.00%
pymatgen/analysis/chemenv/utils/math_utils.py/smootherstep,5,5,0,100.00%
pymatgen/analysis/chemenv/utils/math_utils.py/cosinus_step,5,4,1,80.00%
pymatgen/analysis/chemenv/utils/math_utils.py/power3_step,5,4,1,80.00%
pymatgen/analysis/chemenv/utils/math_utils.py/powern_parts_step,5,4,1,80.00%
pymatgen/analysis/chemenv/utils/math_utils.py/powern_decreasing,5,5,0,100.00%
pymatgen/analysis/chemenv/utils/math_utils.py/power2_decreasing_exp,5,3,2,60.00%
pymatgen/analysis/chemenv/utils/math_utils.py/power2_tangent_decreasing,5,5,0,100.00%
pymatgen/analysis/chemenv/utils/math_utils.py/power2_inverse_decreasing,5,5,0,100.00%
pymatgen/analysis/chemenv/utils/math_utils.py/power2_inverse_power2_decreasing,5,2,3,40.00%
pymatgen/analysis/chemenv/utils/math_utils.py/power2_inverse_powern_decreasing,5,4,1,80.00%
pymatgen/analysis/chemenv/utils/defs_utils.py/AdditionalConditions,5,4,1,80.00%
pymatgen/analysis/chemenv/utils/defs_utils.py/check_condition,5,3,2,60.00%
pymatgen/analysis/chemenv/utils/graph_utils.py/get_delta,5,3,2,60.00%
pymatgen/analysis/chemenv/utils/graph_utils.py/get_all_simple_paths_edges,5,5,0,100.00%
pymatgen/analysis/chemenv/utils/graph_utils.py/_c2index_isreverse,5,3,2,60.00%
pymatgen/analysis/chemenv/utils/graph_utils.py/SimpleGraphCycle,5,5,0,100.00%
pymatgen/analysis/chemenv/utils/graph_utils.py/__init__,5,2,3,40.00%
pymatgen/analysis/chemenv/utils/graph_utils.py/_is_valid,5,4,1,80.00%
pymatgen/analysis/chemenv/utils/graph_utils.py/validate,4,3,1,75.00%
pymatgen/analysis/chemenv/utils/graph_utils.py/order,5,4,1,80.00%
pymatgen/analysis/chemenv/utils/graph_utils.py/__hash__,4,4,0,100.00%
pymatgen/analysis/chemenv/utils/graph_utils.py/__len__,5,5,0,100.00%
pymatgen/analysis/chemenv/utils/graph_utils.py/__str__,4,2,2,50.00%
pymatgen/analysis/chemenv/utils/graph_utils.py/__eq__,5,4,1,80.00%
pymatgen/analysis/chemenv/utils/graph_utils.py/from_edges,5,4,1,80.00%
pymatgen/analysis/chemenv/utils/graph_utils.py/as_dict,4,4,0,100.00%
pymatgen/analysis/chemenv/utils/graph_utils.py/from_dict,4,2,2,50.00%
pymatgen/analysis/chemenv/utils/graph_utils.py/MultiGraphCycle,5,3,2,60.00%
pymatgen/analysis/chemenv/utils/graph_utils.py/__init__,10,5,5,50.00%
pymatgen/analysis/chemenv/utils/graph_utils.py/_is_valid,10,7,3,70.00%
pymatgen/analysis/chemenv/utils/graph_utils.py/validate,9,7,2,77.78%
pymatgen/analysis/chemenv/utils/graph_utils.py/order,10,7,3,70.00%
pymatgen/analysis/chemenv/utils/graph_utils.py/__hash__,9,9,0,100.00%
pymatgen/analysis/chemenv/utils/graph_utils.py/__len__,9,9,0,100.00%
pymatgen/analysis/chemenv/utils/graph_utils.py/__str__,9,5,4,55.56%
pymatgen/analysis/chemenv/utils/graph_utils.py/__eq__,9,8,1,88.89%
pymatgen/analysis/chemenv/utils/graph_utils.py/get_all_elementary_cycles,5,4,1,80.00%
pymatgen/analysis/chemenv/utils/scripts_utils.py/draw_cg,5,4,1,80.00%
pymatgen/analysis/chemenv/utils/scripts_utils.py/visualize,5,4,1,80.00%
pymatgen/analysis/chemenv/utils/scripts_utils.py/compute_environments,5,5,0,100.00%
pymatgen/analysis/chemenv/utils/chemenv_errors.py/AbstractChemenvError,5,5,0,100.00%
pymatgen/analysis/chemenv/utils/chemenv_errors.py/__init__,4,4,0,100.00%
pymatgen/analysis/chemenv/utils/chemenv_errors.py/__str__,4,4,0,100.00%
pymatgen/analysis/chemenv/utils/chemenv_errors.py/NeighborsNotComputedChemenvError,4,3,1,75.00%
pymatgen/analysis/chemenv/utils/chemenv_errors.py/__init__,8,7,1,87.50%
pymatgen/analysis/chemenv/utils/chemenv_errors.py/__str__,8,8,0,100.00%
pymatgen/analysis/chemenv/utils/chemenv_errors.py/EquivalentSiteSearchError,5,5,0,100.00%
pymatgen/analysis/chemenv/utils/chemenv_errors.py/__init__,12,11,1,91.67%
pymatgen/analysis/chemenv/utils/chemenv_errors.py/__str__,13,13,0,100.00%
pymatgen/analysis/chemenv/utils/chemenv_errors.py/SolidAngleError,5,5,0,100.00%
pymatgen/analysis/chemenv/utils/chemenv_errors.py/__init__,15,14,1,93.33%
pymatgen/analysis/chemenv/utils/chemenv_errors.py/__str__,17,17,0,100.00%
pymatgen/analysis/chemenv/utils/chemenv_errors.py/ChemenvError,5,5,0,100.00%
pymatgen/analysis/chemenv/utils/chemenv_errors.py/__init__,20,19,1,95.00%
pymatgen/analysis/chemenv/utils/chemenv_errors.py/__str__,21,19,2,90.48%
pymatgen/analysis/diffraction/neutron.py/NDCalculator,5,5,0,100.00%
pymatgen/analysis/diffraction/neutron.py/__init__,4,3,1,75.00%
pymatgen/analysis/diffraction/neutron.py/get_pattern,5,5,0,100.00%
pymatgen/analysis/diffraction/xrd.py/XRDCalculator,5,4,1,80.00%
pymatgen/analysis/diffraction/xrd.py/__init__,5,2,3,40.00%
pymatgen/analysis/diffraction/xrd.py/get_pattern,5,5,0,100.00%
pymatgen/analysis/diffraction/core.py/DiffractionPattern,4,3,1,75.00%
pymatgen/analysis/diffraction/core.py/__init__,4,4,0,100.00%
pymatgen/analysis/diffraction/core.py/AbstractDiffractionPatternCalculator,5,4,1,80.00%
pymatgen/analysis/diffraction/core.py/get_pattern,5,5,0,100.00%
pymatgen/analysis/diffraction/core.py/get_plot,5,3,2,60.00%
pymatgen/analysis/diffraction/core.py/show_plot,4,3,1,75.00%
pymatgen/analysis/diffraction/core.py/plot_structures,5,5,0,100.00%
pymatgen/analysis/diffraction/core.py/get_unique_families,5,5,0,100.00%
pymatgen/analysis/diffraction/core.py/is_perm,5,4,1,80.00%
pymatgen/analysis/diffraction/tem.py/TEMCalculator,5,5,0,100.00%
pymatgen/analysis/diffraction/tem.py/__init__,5,3,2,60.00%
pymatgen/analysis/diffraction/tem.py/wavelength_rel,5,3,2,60.00%
pymatgen/analysis/diffraction/tem.py/generate_points,5,4,1,80.00%
pymatgen/analysis/diffraction/tem.py/zone_axis_filter,5,2,3,40.00%
pymatgen/analysis/diffraction/tem.py/get_interplanar_spacings,5,4,1,80.00%
pymatgen/analysis/diffraction/tem.py/bragg_angles,5,3,2,60.00%
pymatgen/analysis/diffraction/tem.py/get_s2,5,4,1,80.00%
pymatgen/analysis/diffraction/tem.py/x_ray_factors,5,3,2,60.00%
pymatgen/analysis/diffraction/tem.py/electron_scattering_factors,5,2,3,40.00%
pymatgen/analysis/diffraction/tem.py/cell_scattering_factors,5,4,1,80.00%
pymatgen/analysis/diffraction/tem.py/cell_intensity,5,4,1,80.00%
pymatgen/analysis/diffraction/tem.py/get_pattern,5,3,2,60.00%
pymatgen/analysis/diffraction/tem.py/normalized_cell_intensity,4,3,1,75.00%
pymatgen/analysis/diffraction/tem.py/is_parallel,4,3,1,75.00%
pymatgen/analysis/diffraction/tem.py/get_first_point,5,5,0,100.00%
pymatgen/analysis/diffraction/tem.py/get_interplanar_angle,5,5,0,100.00%
pymatgen/analysis/diffraction/tem.py/get_plot_coeffs,5,5,0,100.00%
pymatgen/analysis/diffraction/tem.py/get_positions,5,5,0,100.00%
pymatgen/analysis/diffraction/tem.py/tem_dots,5,4,1,80.00%
pymatgen/analysis/diffraction/tem.py/dot,5,3,2,60.00%
pymatgen/analysis/diffraction/tem.py/get_plot_2d,4,3,1,75.00%
pymatgen/analysis/diffraction/tem.py/get_plot_2d_concise,5,5,0,100.00%
pymatgen/analysis/ferroelectricity/polarization.py/zval_dict_from_potcar,5,3,2,60.00%
pymatgen/analysis/ferroelectricity/polarization.py/calc_ionic,4,4,0,100.00%
pymatgen/analysis/ferroelectricity/polarization.py/get_total_ionic_dipole,5,3,2,60.00%
pymatgen/analysis/ferroelectricity/polarization.py/get_nearest_site,5,4,1,80.00%
pymatgen/analysis/ferroelectricity/polarization.py/Polarization,5,3,2,60.00%
pymatgen/analysis/ferroelectricity/polarization.py/__init__,5,4,1,80.00%
pymatgen/analysis/ferroelectricity/polarization.py/from_outcars_and_structures,5,4,1,80.00%
pymatgen/analysis/ferroelectricity/polarization.py/get_pelecs_and_pions,5,4,1,80.00%
pymatgen/analysis/ferroelectricity/polarization.py/get_same_branch_polarization_data,5,3,2,60.00%
pymatgen/analysis/ferroelectricity/polarization.py/get_lattice_quanta,5,3,2,60.00%
pymatgen/analysis/ferroelectricity/polarization.py/get_polarization_change,5,4,1,80.00%
pymatgen/analysis/ferroelectricity/polarization.py/get_polarization_change_norm,5,3,2,60.00%
pymatgen/analysis/ferroelectricity/polarization.py/same_branch_splines,4,2,2,50.00%
pymatgen/analysis/ferroelectricity/polarization.py/max_spline_jumps,4,2,2,50.00%
pymatgen/analysis/ferroelectricity/polarization.py/smoothness,5,5,0,100.00%
pymatgen/analysis/ferroelectricity/polarization.py/EnergyTrend,5,5,0,100.00%
pymatgen/analysis/ferroelectricity/polarization.py/__init__,10,9,1,90.00%
pymatgen/analysis/ferroelectricity/polarization.py/spline,4,2,2,50.00%
pymatgen/analysis/ferroelectricity/polarization.py/smoothness,10,10,0,100.00%
pymatgen/analysis/ferroelectricity/polarization.py/max_spline_jump,5,5,0,100.00%
pymatgen/analysis/ferroelectricity/polarization.py/endpoints_minima,5,4,1,80.00%
pymatgen/analysis/topological/spillage.py/SOCSpillage,5,5,0,100.00%
pymatgen/analysis/topological/spillage.py/__init__,4,2,2,50.00%
pymatgen/analysis/topological/spillage.py/isclose,4,3,1,75.00%
pymatgen/analysis/topological/spillage.py/orth,5,5,0,100.00%
pymatgen/analysis/topological/spillage.py/overlap_so_spinpol,5,5,0,100.00%
pymatgen/analysis/magnetism/analyzer.py/Ordering,5,4,1,80.00%
pymatgen/analysis/magnetism/analyzer.py/OverwriteMagmomMode,5,4,1,80.00%
pymatgen/analysis/magnetism/analyzer.py/CollinearMagneticStructureAnalyzer,5,4,1,80.00%
pymatgen/analysis/magnetism/analyzer.py/__init__,5,5,0,100.00%
pymatgen/analysis/magnetism/analyzer.py/_round_magmoms,5,5,0,100.00%
pymatgen/analysis/magnetism/analyzer.py/get_structure_with_spin,5,2,3,40.00%
pymatgen/analysis/magnetism/analyzer.py/get_structure_with_only_magnetic_atoms,5,4,1,80.00%
pymatgen/analysis/magnetism/analyzer.py/get_nonmagnetic_structure,5,5,0,100.00%
pymatgen/analysis/magnetism/analyzer.py/get_ferromagnetic_structure,5,4,1,80.00%
pymatgen/analysis/magnetism/analyzer.py/is_magnetic,5,4,1,80.00%
pymatgen/analysis/magnetism/analyzer.py/magmoms,5,3,2,60.00%
pymatgen/analysis/magnetism/analyzer.py/types_of_magnetic_species,5,3,2,60.00%
pymatgen/analysis/magnetism/analyzer.py/types_of_magnetic_specie,4,4,0,100.00%
pymatgen/analysis/magnetism/analyzer.py/magnetic_species_and_magmoms,5,5,0,100.00%
pymatgen/analysis/magnetism/analyzer.py/number_of_magnetic_sites,4,3,1,75.00%
pymatgen/analysis/magnetism/analyzer.py/number_of_unique_magnetic_sites,5,5,0,100.00%
pymatgen/analysis/magnetism/analyzer.py/ordering,5,3,2,60.00%
pymatgen/analysis/magnetism/analyzer.py/get_exchange_group_info,5,5,0,100.00%
pymatgen/analysis/magnetism/analyzer.py/matches_ordering,5,4,1,80.00%
pymatgen/analysis/magnetism/analyzer.py/__str__,5,2,3,40.00%
pymatgen/analysis/magnetism/analyzer.py/MagneticStructureEnumerator,5,5,0,100.00%
pymatgen/analysis/magnetism/analyzer.py/__init__,10,10,0,100.00%
pymatgen/analysis/magnetism/analyzer.py/_sanitize_input_structure,5,5,0,100.00%
pymatgen/analysis/magnetism/analyzer.py/_generate_transformations,4,4,0,100.00%
pymatgen/analysis/magnetism/analyzer.py/_generate_ordered_structures,5,4,1,80.00%
pymatgen/analysis/magnetism/analyzer.py/_add_structures,5,5,0,100.00%
pymatgen/analysis/magnetism/analyzer.py/MagneticDeformation,5,4,1,80.00%
pymatgen/analysis/magnetism/analyzer.py/magnetic_deformation,5,5,0,100.00%
pymatgen/analysis/magnetism/heisenberg.py/HeisenbergMapper,5,3,2,60.00%
pymatgen/analysis/magnetism/heisenberg.py/__init__,5,5,0,100.00%
pymatgen/analysis/magnetism/heisenberg.py/_get_graphs,5,4,1,80.00%
pymatgen/analysis/magnetism/heisenberg.py/_get_unique_sites,5,4,1,80.00%
pymatgen/analysis/magnetism/heisenberg.py/_get_nn_dict,5,4,1,80.00%
pymatgen/analysis/magnetism/heisenberg.py/_get_exchange_df,5,4,1,80.00%
pymatgen/analysis/magnetism/heisenberg.py/get_exchange,5,2,3,40.00%
pymatgen/analysis/magnetism/heisenberg.py/get_low_energy_orderings,5,5,0,100.00%
pymatgen/analysis/magnetism/heisenberg.py/estimate_exchange,5,3,2,60.00%
pymatgen/analysis/magnetism/heisenberg.py/get_mft_temperature,5,5,0,100.00%
pymatgen/analysis/magnetism/heisenberg.py/get_interaction_graph,5,5,0,100.00%
pymatgen/analysis/magnetism/heisenberg.py/_get_j_exc,5,5,0,100.00%
pymatgen/analysis/magnetism/heisenberg.py/get_heisenberg_model,5,4,1,80.00%
pymatgen/analysis/magnetism/heisenberg.py/HeisenbergScreener,5,4,1,80.00%
pymatgen/analysis/magnetism/heisenberg.py/__init__,10,9,1,90.00%
pymatgen/analysis/magnetism/heisenberg.py/_do_cleanup,5,5,0,100.00%
pymatgen/analysis/magnetism/heisenberg.py/_do_screen,5,2,3,40.00%
pymatgen/analysis/magnetism/heisenberg.py/HeisenbergModel,5,5,0,100.00%
pymatgen/analysis/magnetism/heisenberg.py/__init__,15,14,1,93.33%
pymatgen/analysis/magnetism/heisenberg.py/as_dict,5,4,1,80.00%
pymatgen/analysis/magnetism/heisenberg.py/from_dict,5,3,2,60.00%
pymatgen/analysis/magnetism/heisenberg.py/_get_j_exc,10,10,0,100.00%
pymatgen/analysis/magnetism/jahnteller.py/JahnTellerAnalyzer,5,5,0,100.00%
pymatgen/analysis/magnetism/jahnteller.py/__init__,5,4,1,80.00%
pymatgen/analysis/magnetism/jahnteller.py/get_analysis_and_structure,5,2,3,40.00%
pymatgen/analysis/magnetism/jahnteller.py/trim,5,3,2,60.00%
pymatgen/analysis/magnetism/jahnteller.py/get_analysis,5,5,0,100.00%
pymatgen/analysis/magnetism/jahnteller.py/is_jahn_teller_active,5,5,0,100.00%
pymatgen/analysis/magnetism/jahnteller.py/tag_structure,5,4,1,80.00%
pymatgen/analysis/magnetism/jahnteller.py/_get_number_of_d_electrons,5,5,0,100.00%
pymatgen/analysis/magnetism/jahnteller.py/get_magnitude_of_effect_from_species,5,2,3,40.00%
pymatgen/analysis/magnetism/jahnteller.py/get_magnitude_of_effect_from_spin_config,5,0,5,0.00%
pymatgen/analysis/magnetism/jahnteller.py/_estimate_spin_state,5,3,2,60.00%
pymatgen/analysis/magnetism/jahnteller.py/mu_so,5,5,0,100.00%
pymatgen/analysis/interfaces/zsl.py/ZSLMatch,4,4,0,100.00%
pymatgen/analysis/interfaces/zsl.py/match_area,5,5,0,100.00%
pymatgen/analysis/interfaces/zsl.py/match_transformation,5,4,1,80.00%
pymatgen/analysis/interfaces/zsl.py/ZSLGenerator,5,4,1,80.00%
pymatgen/analysis/interfaces/zsl.py/__init__,5,5,0,100.00%
pymatgen/analysis/interfaces/zsl.py/generate_sl_transformation_sets,5,5,0,100.00%
pymatgen/analysis/interfaces/zsl.py/get_equiv_transformations,5,5,0,100.00%
pymatgen/analysis/interfaces/zsl.py/__call__,5,5,0,100.00%
pymatgen/analysis/interfaces/zsl.py/gen_sl_transform_matrices,5,4,1,80.00%
pymatgen/analysis/interfaces/zsl.py/rel_strain,5,4,1,80.00%
pymatgen/analysis/interfaces/zsl.py/rel_angle,5,4,1,80.00%
pymatgen/analysis/interfaces/zsl.py/fast_norm,5,5,0,100.00%
pymatgen/analysis/interfaces/zsl.py/vec_angle,4,4,0,100.00%
pymatgen/analysis/interfaces/zsl.py/vec_area,4,3,1,75.00%
pymatgen/analysis/interfaces/zsl.py/reduce_vectors,5,4,1,80.00%
pymatgen/analysis/interfaces/zsl.py/get_factors,4,4,0,100.00%
pymatgen/analysis/interfaces/zsl.py/_unidirectional_is_same_vectors,5,4,1,80.00%
pymatgen/analysis/interfaces/zsl.py/_bidirectional_same_vectors,5,4,1,80.00%
pymatgen/analysis/interfaces/zsl.py/is_same_vectors,5,3,2,60.00%
pymatgen/analysis/interfaces/coherent_interfaces.py/CoherentInterfaceBuilder,5,5,0,100.00%
pymatgen/analysis/interfaces/coherent_interfaces.py/__init__,5,5,0,100.00%
pymatgen/analysis/interfaces/coherent_interfaces.py/_find_matches,5,4,1,80.00%
pymatgen/analysis/interfaces/coherent_interfaces.py/_find_terminations,5,5,0,100.00%
pymatgen/analysis/interfaces/coherent_interfaces.py/get_interfaces,5,4,1,80.00%
pymatgen/analysis/interfaces/coherent_interfaces.py/get_rot_3d_for_2d,5,4,1,80.00%
pymatgen/analysis/interfaces/coherent_interfaces.py/get_2d_transform,5,5,0,100.00%
pymatgen/analysis/interfaces/coherent_interfaces.py/from_2d_to_3d,4,3,1,75.00%
pymatgen/analysis/interfaces/substrate_analyzer.py/SubstrateMatch,5,5,0,100.00%
pymatgen/analysis/interfaces/substrate_analyzer.py/from_zsl,5,3,2,60.00%
pymatgen/analysis/interfaces/substrate_analyzer.py/total_energy,5,4,1,80.00%
pymatgen/analysis/interfaces/substrate_analyzer.py/SubstrateAnalyzer,5,5,0,100.00%
pymatgen/analysis/interfaces/substrate_analyzer.py/__init__,5,5,0,100.00%
pymatgen/analysis/interfaces/substrate_analyzer.py/generate_surface_vectors,5,4,1,80.00%
pymatgen/analysis/interfaces/substrate_analyzer.py/calculate,5,4,1,80.00%
pymatgen/util/num.py/round_to_sigfigs,5,5,0,100.00%
pymatgen/util/num.py/make_symmetric_matrix_from_upper_tri,5,4,1,80.00%
pymatgen/util/numba.py/njit,4,2,2,50.00%
pymatgen/util/numba.py/jit,5,4,1,80.00%
pymatgen/util/plotting.py/pretty_plot,5,4,1,80.00%
pymatgen/util/plotting.py/pretty_plot_two_axis,5,5,0,100.00%
pymatgen/util/plotting.py/pretty_polyfit_plot,5,4,1,80.00%
pymatgen/util/plotting.py/_decide_fontcolor,5,4,1,80.00%
pymatgen/util/plotting.py/periodic_table_heatmap,5,4,1,80.00%
pymatgen/util/plotting.py/format_formula,5,5,0,100.00%
pymatgen/util/plotting.py/van_arkel_triangle,5,4,1,80.00%
pymatgen/util/plotting.py/get_ax_fig,5,5,0,100.00%
pymatgen/util/plotting.py/get_ax3d_fig,4,4,0,100.00%
pymatgen/util/plotting.py/get_axarray_fig_plt,5,4,1,80.00%
pymatgen/util/plotting.py/add_fig_kwargs,5,5,0,100.00%
pymatgen/util/plotting.py/wrapper,5,5,0,100.00%
pymatgen/util/coord.py/find_in_coord_list,5,5,0,100.00%
pymatgen/util/coord.py/in_coord_list,5,5,0,100.00%
pymatgen/util/coord.py/is_coord_subset,5,5,0,100.00%
pymatgen/util/coord.py/coord_list_mapping,5,4,1,80.00%
pymatgen/util/coord.py/coord_list_mapping_pbc,5,5,0,100.00%
pymatgen/util/coord.py/get_linear_interpolated_value,5,3,2,60.00%
pymatgen/util/coord.py/all_distances,5,5,0,100.00%
pymatgen/util/coord.py/pbc_diff,5,4,1,80.00%
pymatgen/util/coord.py/pbc_shortest_vectors,5,5,0,100.00%
pymatgen/util/coord.py/find_in_coord_list_pbc,5,5,0,100.00%
pymatgen/util/coord.py/in_coord_list_pbc,5,5,0,100.00%
pymatgen/util/coord.py/is_coord_subset_pbc,5,5,0,100.00%
pymatgen/util/coord.py/lattice_points_in_supercell,5,3,2,60.00%
pymatgen/util/coord.py/barycentric_coords,5,5,0,100.00%
pymatgen/util/coord.py/get_angle,5,5,0,100.00%
pymatgen/util/coord.py/Simplex,5,5,0,100.00%
pymatgen/util/coord.py/__init__,5,4,1,80.00%
pymatgen/util/coord.py/volume,5,5,0,100.00%
pymatgen/util/coord.py/bary_coords,5,5,0,100.00%
pymatgen/util/coord.py/point_from_bary_coords,5,4,1,80.00%
pymatgen/util/coord.py/in_simplex,5,4,1,80.00%
pymatgen/util/coord.py/line_intersection,5,5,0,100.00%
pymatgen/util/coord.py/__eq__,5,5,0,100.00%
pymatgen/util/coord.py/__hash__,5,4,1,80.00%
pymatgen/util/coord.py/__repr__,4,3,1,75.00%
pymatgen/util/coord.py/coords,4,4,0,100.00%
pymatgen/util/due.py/InactiveDueCreditCollector,5,4,1,80.00%
pymatgen/util/due.py/_donothing,5,5,0,100.00%
pymatgen/util/due.py/dcite,5,1,4,20.00%
pymatgen/util/due.py/non_decorating_decorator,5,4,1,80.00%
pymatgen/util/due.py/__repr__,5,4,1,80.00%
pymatgen/util/due.py/_donothing_func,5,5,0,100.00%
pymatgen/util/joblib.py/tqdm_joblib,5,5,0,100.00%
pymatgen/util/joblib.py/TqdmBatchCompletionCallback,5,4,1,80.00%
pymatgen/util/joblib.py/__call__,5,5,0,100.00%
pymatgen/util/joblib.py/set_python_warnings,4,2,2,50.00%
pymatgen/util/graph_hashing.py/_hash_label,5,3,2,60.00%
pymatgen/util/graph_hashing.py/_init_node_labels,5,4,1,80.00%
pymatgen/util/graph_hashing.py/_neighborhood_aggregate,5,4,1,80.00%
pymatgen/util/graph_hashing.py/weisfeiler_lehman_graph_hash,5,5,0,100.00%
pymatgen/util/graph_hashing.py/weisfeiler_lehman_step,5,5,0,100.00%
pymatgen/util/graph_hashing.py/weisfeiler_lehman_subgraph_hashes,5,5,0,100.00%
pymatgen/util/graph_hashing.py/weisfeiler_lehman_step,9,8,1,88.89%
pymatgen/util/io_utils.py/clean_lines,5,4,1,80.00%
pymatgen/util/io_utils.py/micro_pyawk,5,5,0,100.00%
pymatgen/util/string.py/Stringify,5,4,1,80.00%
pymatgen/util/string.py/to_pretty_string,4,3,1,75.00%
pymatgen/util/string.py/to_latex_string,5,4,1,80.00%
pymatgen/util/string.py/to_html_string,5,4,1,80.00%
pymatgen/util/string.py/to_unicode_string,5,4,1,80.00%
pymatgen/util/string.py/str_delimited,5,4,1,80.00%
pymatgen/util/string.py/formula_double_format,5,4,1,80.00%
pymatgen/util/string.py/charge_string,5,4,1,80.00%
pymatgen/util/string.py/latexify,5,2,3,40.00%
pymatgen/util/string.py/htmlify,5,2,3,40.00%
pymatgen/util/string.py/unicodeify,5,5,0,100.00%
pymatgen/util/string.py/latexify_spacegroup,5,2,3,40.00%
pymatgen/util/string.py/unicodeify_spacegroup,5,4,1,80.00%
pymatgen/util/string.py/unicodeify_species,5,4,1,80.00%
pymatgen/util/string.py/stream_has_colors,5,5,0,100.00%
pymatgen/util/string.py/transformation_to_string,5,3,2,60.00%
pymatgen/util/string.py/disordered_formula,5,2,3,40.00%
pymatgen/util/provenance.py/is_valid_bibtex,5,3,2,60.00%
pymatgen/util/provenance.py/HistoryNode,5,5,0,100.00%
pymatgen/util/provenance.py/as_dict,4,4,0,100.00%
pymatgen/util/provenance.py/from_dict,5,4,1,80.00%
pymatgen/util/provenance.py/parse_history_node,5,3,2,60.00%
pymatgen/util/provenance.py/Author,5,5,0,100.00%
pymatgen/util/provenance.py/__str__,5,4,1,80.00%
pymatgen/util/provenance.py/as_dict,9,8,1,88.89%
pymatgen/util/provenance.py/from_dict,10,8,2,80.00%
pymatgen/util/provenance.py/parse_author,5,4,1,80.00%
pymatgen/util/provenance.py/StructureNL,5,5,0,100.00%
pymatgen/util/provenance.py/__init__,5,5,0,100.00%
pymatgen/util/provenance.py/as_dict,14,13,1,92.86%
pymatgen/util/provenance.py/from_dict,15,12,3,80.00%
pymatgen/util/provenance.py/from_structures,5,4,1,80.00%
pymatgen/util/provenance.py/__str__,10,8,2,80.00%
pymatgen/util/provenance.py/__eq__,5,4,1,80.00%
pymatgen/util/testing/__init__.py/PymatgenTest,5,5,0,100.00%
pymatgen/util/testing/__init__.py/_tmp_dir,4,4,0,100.00%
pymatgen/util/testing/__init__.py/get_structure,5,4,1,80.00%
pymatgen/util/testing/__init__.py/assert_str_content_equal,5,2,3,40.00%
pymatgen/util/testing/__init__.py/serialize_with_pickle,5,5,0,100.00%
pymatgen/util/testing/__init__.py/assert_msonable,5,4,1,80.00%
pymatgen/util/testing/aims.py/check_band,5,2,3,40.00%
pymatgen/util/testing/aims.py/compare_files,5,5,0,100.00%
pymatgen/util/testing/aims.py/comp_system,5,4,1,80.00%
pymatgen/util/testing/aims.py/compare_single_files,5,4,1,80.00%
pymatgen/ext/matproj_legacy.py/TaskType,5,3,2,60.00%
pymatgen/ext/matproj_legacy.py/_MPResterLegacy,5,5,0,100.00%
pymatgen/ext/matproj_legacy.py/__init__,5,4,1,80.00%
pymatgen/ext/matproj_legacy.py/__enter__,4,4,0,100.00%
pymatgen/ext/matproj_legacy.py/__exit__,4,4,0,100.00%
pymatgen/ext/matproj_legacy.py/_make_request,5,5,0,100.00%
pymatgen/ext/matproj_legacy.py/get_database_version,5,5,0,100.00%
pymatgen/ext/matproj_legacy.py/get_materials_id_from_task_id,5,4,1,80.00%
pymatgen/ext/matproj_legacy.py/get_materials_id_references,5,4,1,80.00%
pymatgen/ext/matproj_legacy.py/get_data,5,3,2,60.00%
pymatgen/ext/matproj_legacy.py/get_materials_ids,5,5,0,100.00%
pymatgen/ext/matproj_legacy.py/get_doc,4,1,3,25.00%
pymatgen/ext/matproj_legacy.py/get_xas_data,5,4,1,80.00%
pymatgen/ext/matproj_legacy.py/get_task_data,5,4,1,80.00%
pymatgen/ext/matproj_legacy.py/get_structures,5,5,0,100.00%
pymatgen/ext/matproj_legacy.py/find_structure,5,2,3,40.00%
pymatgen/ext/matproj_legacy.py/get_entries,5,4,1,80.00%
pymatgen/ext/matproj_legacy.py/get_pourbaix_entries,5,4,1,80.00%
pymatgen/ext/matproj_legacy.py/get_structure_by_material_id,5,5,0,100.00%
pymatgen/ext/matproj_legacy.py/get_entry_by_material_id,5,3,2,60.00%
pymatgen/ext/matproj_legacy.py/get_dos_by_material_id,5,4,1,80.00%
pymatgen/ext/matproj_legacy.py/get_bandstructure_by_material_id,5,4,1,80.00%
pymatgen/ext/matproj_legacy.py/get_phonon_dos_by_material_id,4,4,0,100.00%
pymatgen/ext/matproj_legacy.py/get_phonon_bandstructure_by_material_id,5,5,0,100.00%
pymatgen/ext/matproj_legacy.py/get_phonon_ddb_by_material_id,5,5,0,100.00%
pymatgen/ext/matproj_legacy.py/get_entries_in_chemsys,5,5,0,100.00%
pymatgen/ext/matproj_legacy.py/get_exp_thermo_data,5,4,1,80.00%
pymatgen/ext/matproj_legacy.py/get_exp_entry,4,3,1,75.00%
pymatgen/ext/matproj_legacy.py/query,5,5,0,100.00%
pymatgen/ext/matproj_legacy.py/submit_structures,5,5,0,100.00%
pymatgen/ext/matproj_legacy.py/submit_snl,5,4,1,80.00%
pymatgen/ext/matproj_legacy.py/delete_snl,5,3,2,60.00%
pymatgen/ext/matproj_legacy.py/query_snl,5,4,1,80.00%
pymatgen/ext/matproj_legacy.py/submit_vasp_directory,5,4,1,80.00%
pymatgen/ext/matproj_legacy.py/get_stability,5,4,1,80.00%
pymatgen/ext/matproj_legacy.py/get_cohesive_energy,5,5,0,100.00%
pymatgen/ext/matproj_legacy.py/get_reaction,5,4,1,80.00%
pymatgen/ext/matproj_legacy.py/get_substrates,5,3,2,60.00%
pymatgen/ext/matproj_legacy.py/get_all_substrates,5,4,1,80.00%
pymatgen/ext/matproj_legacy.py/get_surface_data,5,4,1,80.00%
pymatgen/ext/matproj_legacy.py/get_wulff_shape,5,5,0,100.00%
pymatgen/ext/matproj_legacy.py/get_gb_data,5,3,2,60.00%
pymatgen/ext/matproj_legacy.py/get_interface_reactions,5,4,1,80.00%
pymatgen/ext/matproj_legacy.py/get_download_info,5,4,1,80.00%
pymatgen/ext/matproj_legacy.py/_print_help_message,4,4,0,100.00%
pymatgen/ext/matproj_legacy.py/_check_get_download_info_url_by_task_id,4,2,2,50.00%
pymatgen/ext/matproj_legacy.py/_check_nomad_exist,5,4,1,80.00%
pymatgen/ext/matproj_legacy.py/parse_criteria,5,4,1,80.00%
pymatgen/ext/matproj_legacy.py/parse_sym,5,3,2,60.00%
pymatgen/ext/matproj_legacy.py/parse_tok,5,3,2,60.00%
pymatgen/ext/matproj_legacy.py/MPRestError,5,4,1,80.00%
pymatgen/ext/matproj_legacy.py/get_chunks,5,5,0,100.00%
pymatgen/ext/cod.py/COD,5,4,1,80.00%
pymatgen/ext/cod.py/query,4,3,1,75.00%
pymatgen/ext/cod.py/get_cod_ids,4,1,3,25.00%
pymatgen/ext/cod.py/get_structure_by_id,5,5,0,100.00%
pymatgen/ext/cod.py/get_structure_by_formula,5,4,1,80.00%
pymatgen/ext/optimade.py/Provider,4,3,1,75.00%
pymatgen/ext/optimade.py/OptimadeRester,5,5,0,100.00%
pymatgen/ext/optimade.py/__init__,5,4,1,80.00%
pymatgen/ext/optimade.py/__repr__,5,5,0,100.00%
pymatgen/ext/optimade.py/__str__,5,2,3,40.00%
pymatgen/ext/optimade.py/describe,5,5,0,100.00%
pymatgen/ext/optimade.py/_get_json,5,5,0,100.00%
pymatgen/ext/optimade.py/_build_filter,5,5,0,100.00%
pymatgen/ext/optimade.py/get_structures,5,3,2,60.00%
pymatgen/ext/optimade.py/get_snls,5,4,1,80.00%
pymatgen/ext/optimade.py/get_structures_with_filter,5,2,3,40.00%
pymatgen/ext/optimade.py/get_snls_with_filter,5,5,0,100.00%
pymatgen/ext/optimade.py/_get_snls_from_resource,5,5,0,100.00%
pymatgen/ext/optimade.py/_sanitize_symbol,5,3,2,60.00%
pymatgen/ext/optimade.py/_get_comp,4,4,0,100.00%
pymatgen/ext/optimade.py/_validate_provider,5,4,1,80.00%
pymatgen/ext/optimade.py/is_url,5,5,0,100.00%
pymatgen/ext/optimade.py/_parse_provider,5,5,0,100.00%
pymatgen/ext/optimade.py/_parse_provider_link,5,5,0,100.00%
pymatgen/ext/optimade.py/_handle_response_fields,5,3,2,60.00%
pymatgen/ext/optimade.py/refresh_aliases,4,3,1,75.00%
pymatgen/ext/optimade.py/__enter__,5,5,0,100.00%
pymatgen/ext/optimade.py/__exit__,4,4,0,100.00%
pymatgen/ext/matproj.py/_MPResterBasic,5,5,0,100.00%
pymatgen/ext/matproj.py/__init__,5,5,0,100.00%
pymatgen/ext/matproj.py/Summary,5,4,1,80.00%
pymatgen/ext/matproj.py/__getattr__,5,5,0,100.00%
pymatgen/ext/matproj.py/__enter__,5,5,0,100.00%
pymatgen/ext/matproj.py/__exit__,5,5,0,100.00%
pymatgen/ext/matproj.py/request,5,4,1,80.00%
pymatgen/ext/matproj.py/summary_search,5,2,3,40.00%
pymatgen/ext/matproj.py/get_summary,5,5,0,100.00%
pymatgen/ext/matproj.py/get_summary_by_material_id,5,4,1,80.00%
pymatgen/ext/matproj.py/get_material_ids,5,5,0,100.00%
pymatgen/ext/matproj.py/get_structures,5,4,1,80.00%
pymatgen/ext/matproj.py/get_structure_by_material_id,5,5,0,100.00%
pymatgen/ext/matproj.py/get_initial_structures_by_material_id,5,5,0,100.00%
pymatgen/ext/matproj.py/get_entries,5,5,0,100.00%
pymatgen/ext/matproj.py/get_entry_by_material_id,5,5,0,100.00%
pymatgen/ext/matproj.py/get_entries_in_chemsys,5,4,1,80.00%
pymatgen/ext/matproj.py/get_phonon_bandstructure_by_material_id,4,4,0,100.00%
pymatgen/ext/matproj.py/get_phonon_dos_by_material_id,4,3,1,75.00%
pymatgen/ext/matproj.py/MPRester,5,4,1,80.00%
pymatgen/ext/matproj.py/__new__,5,4,1,80.00%
pymatgen/ext/matproj.py/MPRestError,5,5,0,100.00%
pymatgen/io/icet.py/IcetSQS,5,5,0,100.00%
pymatgen/io/icet.py/__init__,5,5,0,100.00%
pymatgen/io/icet.py/run,5,4,1,80.00%
pymatgen/io/icet.py/_get_site_composition,5,5,0,100.00%
pymatgen/io/icet.py/_get_cluster_space,5,4,1,80.00%
pymatgen/io/icet.py/get_icet_sqs_obj,5,3,2,60.00%
pymatgen/io/icet.py/enumerate_sqs_structures,5,5,0,100.00%
pymatgen/io/icet.py/_get_best_sqs_from_list,5,5,0,100.00%
pymatgen/io/icet.py/_single_monte_carlo_sqs_run,5,5,0,100.00%
pymatgen/io/icet.py/monte_carlo_sqs_structures,5,5,0,100.00%
pymatgen/io/res.py/AirssTITL,5,4,1,80.00%
pymatgen/io/res.py/__str__,5,1,4,20.00%
pymatgen/io/res.py/ResCELL,5,3,2,60.00%
pymatgen/io/res.py/__str__,10,5,5,50.00%
pymatgen/io/res.py/Ion,4,3,1,75.00%
pymatgen/io/res.py/__str__,15,9,6,60.00%
pymatgen/io/res.py/ResSFAC,5,4,1,80.00%
pymatgen/io/res.py/__str__,20,13,7,65.00%
pymatgen/io/res.py/Res,5,4,1,80.00%
pymatgen/io/res.py/__str__,25,16,9,64.00%
pymatgen/io/res.py/ResParseError,5,5,0,100.00%
pymatgen/io/res.py/ResError,5,5,0,100.00%
pymatgen/io/res.py/ResParser,5,5,0,100.00%
pymatgen/io/res.py/__init__,5,5,0,100.00%
pymatgen/io/res.py/_parse_titl,5,3,2,60.00%
pymatgen/io/res.py/_parse_cell,5,3,2,60.00%
pymatgen/io/res.py/_parse_ion,5,3,2,60.00%
pymatgen/io/res.py/_parse_sfac,5,3,2,60.00%
pymatgen/io/res.py/_parse_txt,5,3,2,60.00%
pymatgen/io/res.py/_parse_str,5,4,1,80.00%
pymatgen/io/res.py/_parse_file,5,4,1,80.00%
pymatgen/io/res.py/ResWriter,5,5,0,100.00%
pymatgen/io/res.py/_cell_from_lattice,4,3,1,75.00%
pymatgen/io/res.py/_sfac_from_sites,5,3,2,60.00%
pymatgen/io/res.py/_res_from_structure,5,5,0,100.00%
pymatgen/io/res.py/_res_from_entry,5,3,2,60.00%
pymatgen/io/res.py/__init__,10,10,0,100.00%
pymatgen/io/res.py/__str__,30,21,9,70.00%
pymatgen/io/res.py/string,4,3,1,75.00%
pymatgen/io/res.py/write,5,5,0,100.00%
pymatgen/io/res.py/ResProvider,5,5,0,100.00%
pymatgen/io/res.py/__init__,14,13,1,92.86%
pymatgen/io/res.py/_site_spin,5,4,1,80.00%
pymatgen/io/res.py/from_str,5,5,0,100.00%
pymatgen/io/res.py/from_file,5,4,1,80.00%
pymatgen/io/res.py/rems,5,3,2,60.00%
pymatgen/io/res.py/lattice,4,3,1,75.00%
pymatgen/io/res.py/sites,5,4,1,80.00%
pymatgen/io/res.py/structure,5,4,1,80.00%
pymatgen/io/res.py/AirssProvider,5,4,1,80.00%
pymatgen/io/res.py/__init__,18,17,1,94.44%
pymatgen/io/res.py/from_str,10,9,1,90.00%
pymatgen/io/res.py/from_file,10,7,3,70.00%
pymatgen/io/res.py/_parse_date,5,2,3,40.00%
pymatgen/io/res.py/_raise_or_none,5,5,0,100.00%
pymatgen/io/res.py/get_run_start_info,5,4,1,80.00%
pymatgen/io/res.py/get_castep_version,4,3,1,75.00%
pymatgen/io/res.py/get_func_rel_disp,4,4,0,100.00%
pymatgen/io/res.py/get_cut_grid_gmax_fsbc,5,4,1,80.00%
pymatgen/io/res.py/get_mpgrid_offset_nkpts_spacing,5,4,1,80.00%
pymatgen/io/res.py/get_airss_version,5,3,2,60.00%
pymatgen/io/res.py/_get_compiler,4,4,0,100.00%
pymatgen/io/res.py/_get_compile_options,4,4,0,100.00%
pymatgen/io/res.py/_get_rng_seeds,5,5,0,100.00%
pymatgen/io/res.py/get_pspots,5,5,0,100.00%
pymatgen/io/res.py/seed,4,2,2,50.00%
pymatgen/io/res.py/pressure,5,4,1,80.00%
pymatgen/io/res.py/volume,5,4,1,80.00%
pymatgen/io/res.py/energy,5,3,2,60.00%
pymatgen/io/res.py/integrated_spin_density,5,5,0,100.00%
pymatgen/io/res.py/integrated_absolute_spin_density,5,5,0,100.00%
pymatgen/io/res.py/spacegroup_label,5,4,1,80.00%
pymatgen/io/res.py/appearances,5,4,1,80.00%
pymatgen/io/res.py/entry,5,5,0,100.00%
pymatgen/io/res.py/as_dict,5,4,1,80.00%
pymatgen/io/res.py/ResIO,5,3,2,60.00%
pymatgen/io/res.py/structure_from_str,5,4,1,80.00%
pymatgen/io/res.py/structure_from_file,5,4,1,80.00%
pymatgen/io/res.py/structure_to_str,5,5,0,100.00%
pymatgen/io/res.py/structure_to_file,4,4,0,100.00%
pymatgen/io/res.py/entry_from_str,5,4,1,80.00%
pymatgen/io/res.py/entry_from_file,5,4,1,80.00%
pymatgen/io/res.py/entry_to_str,5,5,0,100.00%
pymatgen/io/res.py/entry_to_file,4,3,1,75.00%
pymatgen/io/fiesta.py/Nwchem2Fiesta,5,3,2,60.00%
pymatgen/io/fiesta.py/__init__,5,4,1,80.00%
pymatgen/io/fiesta.py/run,4,4,0,100.00%
pymatgen/io/fiesta.py/as_dict,4,3,1,75.00%
pymatgen/io/fiesta.py/from_dict,4,4,0,100.00%
pymatgen/io/fiesta.py/FiestaRun,5,3,2,60.00%
pymatgen/io/fiesta.py/__init__,10,7,3,70.00%
pymatgen/io/fiesta.py/run,9,8,1,88.89%
pymatgen/io/fiesta.py/_gw_run,5,5,0,100.00%
pymatgen/io/fiesta.py/bse_run,5,4,1,80.00%
pymatgen/io/fiesta.py/as_dict,9,8,1,88.89%
pymatgen/io/fiesta.py/from_dict,9,9,0,100.00%
pymatgen/io/fiesta.py/BasisSetReader,5,5,0,100.00%
pymatgen/io/fiesta.py/__init__,15,11,4,73.33%
pymatgen/io/fiesta.py/_parse_file,5,4,1,80.00%
pymatgen/io/fiesta.py/set_n_nlmo,5,4,1,80.00%
pymatgen/io/fiesta.py/infos_on_basis_set,4,2,2,50.00%
pymatgen/io/fiesta.py/FiestaInput,5,5,0,100.00%
pymatgen/io/fiesta.py/__init__,20,15,5,75.00%
pymatgen/io/fiesta.py/set_auxiliary_basis_set,5,2,3,40.00%
pymatgen/io/fiesta.py/set_gw_options,4,3,1,75.00%
pymatgen/io/fiesta.py/make_full_bse_densities_folder,4,2,2,50.00%
pymatgen/io/fiesta.py/set_bse_options,5,4,1,80.00%
pymatgen/io/fiesta.py/dump_bse_data_in_gw_run,4,4,0,100.00%
pymatgen/io/fiesta.py/dump_tddft_data_in_gw_run,5,3,2,60.00%
pymatgen/io/fiesta.py/infos_on_system,5,4,1,80.00%
pymatgen/io/fiesta.py/molecule,4,2,2,50.00%
pymatgen/io/fiesta.py/__str__,5,4,1,80.00%
pymatgen/io/fiesta.py/write_file,4,4,0,100.00%
pymatgen/io/fiesta.py/as_dict,14,12,2,85.71%
pymatgen/io/fiesta.py/from_dict,14,14,0,100.00%
pymatgen/io/fiesta.py/from_str,4,4,0,100.00%
pymatgen/io/fiesta.py/from_file,4,3,1,75.00%
pymatgen/io/fiesta.py/FiestaOutput,5,3,2,60.00%
pymatgen/io/fiesta.py/__init__,25,19,6,76.00%
pymatgen/io/fiesta.py/_parse_job,5,3,2,60.00%
pymatgen/io/fiesta.py/BSEOutput,5,5,0,100.00%
pymatgen/io/fiesta.py/__init__,30,24,6,80.00%
pymatgen/io/fiesta.py/_parse_job,10,8,2,80.00%
pymatgen/io/ase.py/MSONAtoms,5,5,0,100.00%
pymatgen/io/ase.py/as_dict,4,4,0,100.00%
pymatgen/io/ase.py/from_dict,5,5,0,100.00%
pymatgen/io/ase.py/AseAtomsAdaptor,5,3,2,60.00%
pymatgen/io/ase.py/get_atoms,5,3,2,60.00%
pymatgen/io/ase.py/get_structure,5,4,1,80.00%
pymatgen/io/ase.py/get_molecule,5,4,1,80.00%
pymatgen/io/ase.py/Atoms,5,4,1,80.00%
pymatgen/io/ase.py/__init__,5,3,2,60.00%
pymatgen/io/xyz.py/XYZ,5,4,1,80.00%
pymatgen/io/xyz.py/__init__,4,3,1,75.00%
pymatgen/io/xyz.py/molecule,5,3,2,60.00%
pymatgen/io/xyz.py/all_molecules,5,5,0,100.00%
pymatgen/io/xyz.py/_from_frame_str,5,4,1,80.00%
pymatgen/io/xyz.py/from_str,5,3,2,60.00%
pymatgen/io/xyz.py/from_file,5,4,1,80.00%
pymatgen/io/xyz.py/as_dataframe,5,2,3,40.00%
pymatgen/io/xyz.py/_frame_str,5,5,0,100.00%
pymatgen/io/xyz.py/__str__,5,5,0,100.00%
pymatgen/io/xyz.py/write_file,4,4,0,100.00%
pymatgen/io/atat.py/Mcsqs,5,5,0,100.00%
pymatgen/io/atat.py/__init__,5,5,0,100.00%
pymatgen/io/atat.py/to_str,5,4,1,80.00%
pymatgen/io/atat.py/structure_from_str,5,3,2,60.00%
pymatgen/io/nwchem.py/NwTask,5,5,0,100.00%
pymatgen/io/nwchem.py/__init__,4,3,1,75.00%
pymatgen/io/nwchem.py/__str__,5,4,1,80.00%
pymatgen/io/nwchem.py/as_dict,4,4,0,100.00%
pymatgen/io/nwchem.py/from_dict,5,5,0,100.00%
pymatgen/io/nwchem.py/from_molecule,5,4,1,80.00%
pymatgen/io/nwchem.py/dft_task,5,5,0,100.00%
pymatgen/io/nwchem.py/esp_task,5,5,0,100.00%
pymatgen/io/nwchem.py/NwInput,5,4,1,80.00%
pymatgen/io/nwchem.py/__init__,9,5,4,55.56%
pymatgen/io/nwchem.py/molecule,4,3,1,75.00%
pymatgen/io/nwchem.py/__str__,10,9,1,90.00%
pymatgen/io/nwchem.py/write_file,4,4,0,100.00%
pymatgen/io/nwchem.py/as_dict,9,8,1,88.89%
pymatgen/io/nwchem.py/from_dict,9,8,1,88.89%
pymatgen/io/nwchem.py/from_str,5,5,0,100.00%
pymatgen/io/nwchem.py/from_file,4,4,0,100.00%
pymatgen/io/nwchem.py/NwInputError,5,5,0,100.00%
pymatgen/io/nwchem.py/NwOutput,5,4,1,80.00%
pymatgen/io/nwchem.py/__init__,14,10,4,71.43%
pymatgen/io/nwchem.py/parse_tddft,5,4,1,80.00%
pymatgen/io/nwchem.py/get_excitation_spectrum,5,5,0,100.00%
pymatgen/io/nwchem.py/_parse_preamble,4,2,2,50.00%
pymatgen/io/nwchem.py/__iter__,5,4,1,80.00%
pymatgen/io/nwchem.py/__getitem__,5,4,1,80.00%
pymatgen/io/nwchem.py/__len__,5,5,0,100.00%
pymatgen/io/nwchem.py/_parse_job,5,5,0,100.00%
pymatgen/io/nwchem.py/fort2py,5,3,2,60.00%
pymatgen/io/nwchem.py/isfloatstring,5,1,4,20.00%
pymatgen/io/optimade.py/_pymatgen_species,5,3,2,60.00%
pymatgen/io/optimade.py/_optimade_anonymous_element_generator,5,4,1,80.00%
pymatgen/io/optimade.py/_optimade_reduce_or_anonymize_formula,5,4,1,80.00%
pymatgen/io/optimade.py/OptimadeStructureAdapter,5,5,0,100.00%
pymatgen/io/optimade.py/get_optimade_structure,5,4,1,80.00%
pymatgen/io/optimade.py/get_structure,5,4,1,80.00%
pymatgen/io/xr.py/Xr,5,3,2,60.00%
pymatgen/io/xr.py/__init__,5,4,1,80.00%
pymatgen/io/xr.py/__str__,5,5,0,100.00%
pymatgen/io/xr.py/write_file,5,5,0,100.00%
pymatgen/io/xr.py/from_str,5,3,2,60.00%
pymatgen/io/xr.py/from_file,5,4,1,80.00%
pymatgen/io/jarvis.py/JarvisAtomsAdaptor,5,3,2,60.00%
pymatgen/io/jarvis.py/get_atoms,4,4,0,100.00%
pymatgen/io/jarvis.py/get_structure,5,5,0,100.00%
pymatgen/io/core.py/InputFile,5,5,0,100.00%
pymatgen/io/core.py/__str__,5,4,1,80.00%
pymatgen/io/core.py/get_str,4,4,0,100.00%
pymatgen/io/core.py/write_file,4,3,1,75.00%
pymatgen/io/core.py/from_str,5,4,1,80.00%
pymatgen/io/core.py/from_file,4,4,0,100.00%
pymatgen/io/core.py/InputSet,5,4,1,80.00%
pymatgen/io/core.py/__init__,5,5,0,100.00%
pymatgen/io/core.py/__getattr__,5,4,1,80.00%
pymatgen/io/core.py/__copy__,5,5,0,100.00%
pymatgen/io/core.py/__deepcopy__,5,5,0,100.00%
pymatgen/io/core.py/__len__,5,5,0,100.00%
pymatgen/io/core.py/__iter__,5,5,0,100.00%
pymatgen/io/core.py/__getitem__,5,5,0,100.00%
pymatgen/io/core.py/__setitem__,5,4,1,80.00%
pymatgen/io/core.py/__delitem__,5,4,1,80.00%
pymatgen/io/core.py/__or__,5,3,2,60.00%
pymatgen/io/core.py/write_input,5,5,0,100.00%
pymatgen/io/core.py/from_directory,4,4,0,100.00%
pymatgen/io/core.py/validate,5,4,1,80.00%
pymatgen/io/core.py/InputGenerator,5,5,0,100.00%
pymatgen/io/core.py/get_input_set,5,5,0,100.00%
pymatgen/io/core.py/ParseError,5,3,2,60.00%
pymatgen/io/lmto.py/LMTOCtrl,5,5,0,100.00%
pymatgen/io/lmto.py/__init__,5,5,0,100.00%
pymatgen/io/lmto.py/__eq__,4,3,1,75.00%
pymatgen/io/lmto.py/__repr__,4,3,1,75.00%
pymatgen/io/lmto.py/__str__,5,3,2,60.00%
pymatgen/io/lmto.py/get_str,5,5,0,100.00%
pymatgen/io/lmto.py/as_dict,5,4,1,80.00%
pymatgen/io/lmto.py/write_file,4,2,2,50.00%
pymatgen/io/lmto.py/from_file,5,5,0,100.00%
pymatgen/io/lmto.py/from_str,5,4,1,80.00%
pymatgen/io/lmto.py/from_dict,5,2,3,40.00%
pymatgen/io/lmto.py/LMTOCopl,5,5,0,100.00%
pymatgen/io/lmto.py/__init__,10,9,1,90.00%
pymatgen/io/lmto.py/_get_bond_data,5,2,3,40.00%
pymatgen/io/packmol.py/PackmolSet,5,2,3,40.00%
pymatgen/io/packmol.py/run,5,5,0,100.00%
pymatgen/io/packmol.py/from_directory,5,4,1,80.00%
pymatgen/io/packmol.py/PackmolBoxGen,5,3,2,60.00%
pymatgen/io/packmol.py/__init__,4,3,1,75.00%
pymatgen/io/packmol.py/get_input_set,5,5,0,100.00%
pymatgen/io/zeopp.py/ZeoCssr,5,4,1,80.00%
pymatgen/io/zeopp.py/__init__,4,3,1,75.00%
pymatgen/io/zeopp.py/__str__,5,3,2,60.00%
pymatgen/io/zeopp.py/from_str,4,4,0,100.00%
pymatgen/io/zeopp.py/from_file,4,4,0,100.00%
pymatgen/io/zeopp.py/ZeoVoronoiXYZ,5,4,1,80.00%
pymatgen/io/zeopp.py/__init__,8,7,1,87.50%
pymatgen/io/zeopp.py/from_str,9,7,2,77.78%
pymatgen/io/zeopp.py/from_file,9,7,2,77.78%
pymatgen/io/zeopp.py/__str__,10,5,5,50.00%
pymatgen/io/zeopp.py/get_voronoi_nodes,5,5,0,100.00%
pymatgen/io/zeopp.py/get_high_accuracy_voronoi_nodes,5,4,1,80.00%
pymatgen/io/zeopp.py/get_free_sphere_params,5,5,0,100.00%
pymatgen/io/pwscf.py/PWInput,5,5,0,100.00%
pymatgen/io/pwscf.py/__init__,5,4,1,80.00%
pymatgen/io/pwscf.py/__str__,5,4,1,80.00%
pymatgen/io/pwscf.py/to_str,5,0,5,0.00%
pymatgen/io/pwscf.py/as_dict,5,5,0,100.00%
pymatgen/io/pwscf.py/from_dict,5,3,2,60.00%
pymatgen/io/pwscf.py/write_file,5,5,0,100.00%
pymatgen/io/pwscf.py/from_file,5,5,0,100.00%
pymatgen/io/pwscf.py/from_str,5,5,0,100.00%
pymatgen/io/pwscf.py/input_mode,5,2,3,40.00%
pymatgen/io/pwscf.py/proc_val,5,4,1,80.00%
pymatgen/io/pwscf.py/smart_int_or_float,5,5,0,100.00%
pymatgen/io/pwscf.py/PWInputError,5,3,2,60.00%
pymatgen/io/pwscf.py/PWOutput,5,4,1,80.00%
pymatgen/io/pwscf.py/__init__,10,9,1,90.00%
pymatgen/io/pwscf.py/read_pattern,4,4,0,100.00%
pymatgen/io/pwscf.py/get_celldm,5,5,0,100.00%
pymatgen/io/pwscf.py/final_energy,5,4,1,80.00%
pymatgen/io/pwscf.py/lattice_type,4,3,1,75.00%
pymatgen/io/babel.py/BabelMolAdaptor,5,5,0,100.00%
pymatgen/io/babel.py/__init__,5,4,1,80.00%
pymatgen/io/babel.py/pymatgen_mol,5,4,1,80.00%
pymatgen/io/babel.py/openbabel_mol,4,4,0,100.00%
pymatgen/io/babel.py/localopt,5,3,2,60.00%
pymatgen/io/babel.py/make3d,5,4,1,80.00%
pymatgen/io/babel.py/add_hydrogen,4,3,1,75.00%
pymatgen/io/babel.py/remove_bond,5,2,3,40.00%
pymatgen/io/babel.py/rotor_conformer,5,3,2,60.00%
pymatgen/io/babel.py/gen3d_conformer,5,4,1,80.00%
pymatgen/io/babel.py/confab_conformers,5,4,1,80.00%
pymatgen/io/babel.py/pybel_mol,4,4,0,100.00%
pymatgen/io/babel.py/write_file,5,4,1,80.00%
pymatgen/io/babel.py/from_file,5,5,0,100.00%
pymatgen/io/babel.py/from_molecule_graph,5,5,0,100.00%
pymatgen/io/babel.py/from_str,4,3,1,75.00%
pymatgen/io/common.py/VolumetricData,5,5,0,100.00%
pymatgen/io/common.py/__init__,5,3,2,60.00%
pymatgen/io/common.py/spin_data,4,4,0,100.00%
pymatgen/io/common.py/get_axis_grid,5,4,1,80.00%
pymatgen/io/common.py/__add__,5,4,1,80.00%
pymatgen/io/common.py/__sub__,5,4,1,80.00%
pymatgen/io/common.py/copy,5,3,2,60.00%
pymatgen/io/common.py/linear_add,5,2,3,40.00%
pymatgen/io/common.py/scale,4,3,1,75.00%
pymatgen/io/common.py/value_at,5,4,1,80.00%
pymatgen/io/common.py/linear_slice,5,2,3,40.00%
pymatgen/io/common.py/get_integrated_diff,5,3,2,60.00%
pymatgen/io/common.py/get_average_along_axis,5,4,1,80.00%
pymatgen/io/common.py/to_hdf5,5,5,0,100.00%
pymatgen/io/common.py/from_hdf5,5,5,0,100.00%
pymatgen/io/common.py/to_cube,5,5,0,100.00%
pymatgen/io/common.py/from_cube,5,3,2,60.00%
pymatgen/io/multiwfn.py/extract_info_from_cp_text,5,5,0,100.00%
pymatgen/io/multiwfn.py/parse_cp,5,4,1,80.00%
pymatgen/io/multiwfn.py/get_qtaim_descs,5,4,1,80.00%
pymatgen/io/multiwfn.py/separate_cps_by_type,5,3,2,60.00%
pymatgen/io/multiwfn.py/match_atom_cp,5,5,0,100.00%
pymatgen/io/multiwfn.py/map_atoms_cps,5,5,0,100.00%
pymatgen/io/multiwfn.py/add_atoms,5,5,0,100.00%
pymatgen/io/multiwfn.py/sort_cps_by_distance,5,4,1,80.00%
pymatgen/io/multiwfn.py/process_multiwfn_qtaim,5,4,1,80.00%
pymatgen/io/shengbte.py/Control,5,4,1,80.00%
pymatgen/io/shengbte.py/__init__,5,2,3,40.00%
pymatgen/io/shengbte.py/from_file,4,4,0,100.00%
pymatgen/io/shengbte.py/from_dict,5,4,1,80.00%
pymatgen/io/shengbte.py/to_file,5,2,3,40.00%
pymatgen/io/shengbte.py/from_structure,5,4,1,80.00%
pymatgen/io/shengbte.py/get_structure,4,3,1,75.00%
pymatgen/io/shengbte.py/as_dict,4,2,2,50.00%
pymatgen/io/shengbte.py/_get_subdict,5,4,1,80.00%
pymatgen/io/cssr.py/Cssr,5,5,0,100.00%
pymatgen/io/cssr.py/__init__,5,4,1,80.00%
pymatgen/io/cssr.py/__str__,5,5,0,100.00%
pymatgen/io/cssr.py/write_file,5,5,0,100.00%
pymatgen/io/cssr.py/from_str,5,5,0,100.00%
pymatgen/io/cssr.py/from_file,4,3,1,75.00%
pymatgen/io/template.py/TemplateInputGen,5,4,1,80.00%
pymatgen/io/template.py/get_input_set,5,5,0,100.00%
pymatgen/io/phonopy.py/get_pmg_structure,4,4,0,100.00%
pymatgen/io/phonopy.py/get_phonopy_structure,5,5,0,100.00%
pymatgen/io/phonopy.py/get_structure_from_dict,5,5,0,100.00%
pymatgen/io/phonopy.py/eigvec_to_eigdispl,5,4,1,80.00%
pymatgen/io/phonopy.py/get_ph_bs_symm_line_from_dict,5,5,0,100.00%
pymatgen/io/phonopy.py/get_ph_bs_symm_line,5,5,0,100.00%
pymatgen/io/phonopy.py/get_ph_dos,5,5,0,100.00%
pymatgen/io/phonopy.py/get_complete_ph_dos,5,4,1,80.00%
pymatgen/io/phonopy.py/get_displaced_structures,5,4,1,80.00%
pymatgen/io/phonopy.py/get_phonon_dos_from_fc,5,5,0,100.00%
pymatgen/io/phonopy.py/get_phonon_band_structure_from_fc,5,5,0,100.00%
pymatgen/io/phonopy.py/get_phonon_band_structure_symm_line_from_fc,5,4,1,80.00%
pymatgen/io/phonopy.py/get_gruneisenparameter,5,4,1,80.00%
pymatgen/io/phonopy.py/get_gs_ph_bs_symm_line_from_dict,5,5,0,100.00%
pymatgen/io/phonopy.py/_extrapolate_grun,5,4,1,80.00%
pymatgen/io/phonopy.py/get_gruneisen_ph_bs_symm_line,4,4,0,100.00%
pymatgen/io/phonopy.py/get_thermal_displacement_matrices,5,4,1,80.00%
pymatgen/io/wannier90.py/Unk,5,3,2,60.00%
pymatgen/io/wannier90.py/__init__,5,4,1,80.00%
pymatgen/io/wannier90.py/data,5,5,0,100.00%
pymatgen/io/wannier90.py/data,10,9,1,90.00%
pymatgen/io/wannier90.py/from_file,5,4,1,80.00%
pymatgen/io/wannier90.py/write_file,5,5,0,100.00%
pymatgen/io/wannier90.py/__repr__,5,4,1,80.00%
pymatgen/io/wannier90.py/__eq__,5,4,1,80.00%
pymatgen/io/cif.py/CifBlock,5,5,0,100.00%
pymatgen/io/cif.py/__init__,4,2,2,50.00%
pymatgen/io/cif.py/__eq__,5,4,1,80.00%
pymatgen/io/cif.py/__getitem__,4,3,1,75.00%
pymatgen/io/cif.py/__str__,5,4,1,80.00%
pymatgen/io/cif.py/_loop_to_str,5,4,1,80.00%
pymatgen/io/cif.py/_format_field,5,4,1,80.00%
pymatgen/io/cif.py/_process_string,5,5,0,100.00%
pymatgen/io/cif.py/from_str,5,5,0,100.00%
pymatgen/io/cif.py/CifFile,5,3,2,60.00%
pymatgen/io/cif.py/__init__,9,6,3,66.67%
pymatgen/io/cif.py/__str__,10,8,2,80.00%
pymatgen/io/cif.py/from_str,9,7,2,77.78%
pymatgen/io/cif.py/from_file,4,4,0,100.00%
pymatgen/io/cif.py/CifParser,5,4,1,80.00%
pymatgen/io/cif.py/__init__,14,10,4,71.43%
pymatgen/io/cif.py/is_magcif,5,5,0,100.00%
pymatgen/io/cif.py/is_magcif_incommensurate,4,4,0,100.00%
pymatgen/io/cif.py/from_str,14,11,3,78.57%
pymatgen/io/cif.py/_sanitize_data,5,5,0,100.00%
pymatgen/io/cif.py/_unique_coords,5,5,0,100.00%
pymatgen/io/cif.py/get_lattice,5,4,1,80.00%
pymatgen/io/cif.py/get_lattice_no_exception,5,4,1,80.00%
pymatgen/io/cif.py/get_symops,5,5,0,100.00%
pymatgen/io/cif.py/get_magsymops,5,5,0,100.00%
pymatgen/io/cif.py/_parse_oxi_states,5,5,0,100.00%
pymatgen/io/cif.py/_parse_magmoms,5,2,3,40.00%
pymatgen/io/cif.py/_parse_symbol,5,4,1,80.00%
pymatgen/io/cif.py/_get_structure,5,4,1,80.00%
pymatgen/io/cif.py/get_num_implicit_hydrogens,5,3,2,60.00%
pymatgen/io/cif.py/get_matching_coord,5,3,2,60.00%
pymatgen/io/cif.py/parse_structures,5,3,2,60.00%
pymatgen/io/cif.py/get_structures,4,3,1,75.00%
pymatgen/io/cif.py/get_bibtex_string,5,4,1,80.00%
pymatgen/io/cif.py/as_dict,4,4,0,100.00%
pymatgen/io/cif.py/has_errors,5,5,0,100.00%
pymatgen/io/cif.py/check,5,5,0,100.00%
pymatgen/io/cif.py/str2float,5,3,2,60.00%
pymatgen/io/cif.py/CifWriter,5,4,1,80.00%
pymatgen/io/cif.py/__init__,19,13,6,68.42%
pymatgen/io/cif.py/__str__,14,11,3,78.57%
pymatgen/io/cif.py/cif_file,5,3,2,60.00%
pymatgen/io/cif.py/write_file,5,5,0,100.00%
pymatgen/io/openff.py/mol_graph_to_openff_mol,5,4,1,80.00%
pymatgen/io/openff.py/mol_graph_from_openff_mol,5,4,1,80.00%
pymatgen/io/openff.py/get_atom_map,5,4,1,80.00%
pymatgen/io/openff.py/infer_openff_mol,5,4,1,80.00%
pymatgen/io/openff.py/add_conformer,5,4,1,80.00%
pymatgen/io/openff.py/assign_partial_charges,5,4,1,80.00%
pymatgen/io/openff.py/create_openff_mol,5,3,2,60.00%
pymatgen/io/prismatic.py/Prismatic,5,2,3,40.00%
pymatgen/io/prismatic.py/__init__,4,4,0,100.00%
pymatgen/io/prismatic.py/to_str,4,4,0,100.00%
pymatgen/io/gaussian.py/read_route_line,5,3,2,60.00%
pymatgen/io/gaussian.py/GaussianInput,5,5,0,100.00%
pymatgen/io/gaussian.py/__init__,5,2,3,40.00%
pymatgen/io/gaussian.py/molecule,4,4,0,100.00%
pymatgen/io/gaussian.py/_parse_coords,5,5,0,100.00%
pymatgen/io/gaussian.py/_parse_species,5,4,1,80.00%
pymatgen/io/gaussian.py/from_str,5,5,0,100.00%
pymatgen/io/gaussian.py/from_file,5,3,2,60.00%
pymatgen/io/gaussian.py/get_zmatrix,4,4,0,100.00%
pymatgen/io/gaussian.py/get_cart_coords,5,4,1,80.00%
pymatgen/io/gaussian.py/__str__,4,3,1,75.00%
pymatgen/io/gaussian.py/to_str,5,5,0,100.00%
pymatgen/io/gaussian.py/para_dict_to_str,4,3,1,75.00%
pymatgen/io/gaussian.py/write_file,4,4,0,100.00%
pymatgen/io/gaussian.py/as_dict,5,5,0,100.00%
pymatgen/io/gaussian.py/from_dict,5,4,1,80.00%
pymatgen/io/gaussian.py/GaussianOutput,5,1,4,20.00%
pymatgen/io/gaussian.py/__init__,9,6,3,66.67%
pymatgen/io/gaussian.py/final_energy,5,3,2,60.00%
pymatgen/io/gaussian.py/final_structure,5,5,0,100.00%
pymatgen/io/gaussian.py/_parse,5,4,1,80.00%
pymatgen/io/gaussian.py/_parse_hessian,5,5,0,100.00%
pymatgen/io/gaussian.py/_check_pcm,5,4,1,80.00%
pymatgen/io/gaussian.py/as_dict,10,8,2,80.00%
pymatgen/io/gaussian.py/read_scan,4,4,0,100.00%
pymatgen/io/gaussian.py/get_scan_plot,5,4,1,80.00%
pymatgen/io/gaussian.py/save_scan_plot,5,5,0,100.00%
pymatgen/io/gaussian.py/read_excitation_energies,4,4,0,100.00%
pymatgen/io/gaussian.py/get_spectre_plot,4,3,1,75.00%
pymatgen/io/gaussian.py/save_spectre_plot,5,3,2,60.00%
pymatgen/io/gaussian.py/to_input,5,4,1,80.00%
pymatgen/io/xcrysden.py/XSF,5,4,1,80.00%
pymatgen/io/xcrysden.py/__init__,4,3,1,75.00%
pymatgen/io/xcrysden.py/to_str,5,4,1,80.00%
pymatgen/io/xcrysden.py/from_str,5,5,0,100.00%
pymatgen/io/adf.py/is_numeric,5,4,1,80.00%
pymatgen/io/adf.py/AdfInputError,4,4,0,100.00%
pymatgen/io/adf.py/AdfOutputError,5,5,0,100.00%
pymatgen/io/adf.py/AdfKey,5,3,2,60.00%
pymatgen/io/adf.py/__init__,5,4,1,80.00%
pymatgen/io/adf.py/_options_string,5,5,0,100.00%
pymatgen/io/adf.py/is_block_key,5,4,1,80.00%
pymatgen/io/adf.py/key,5,3,2,60.00%
pymatgen/io/adf.py/__str__,4,4,0,100.00%
pymatgen/io/adf.py/__eq__,5,4,1,80.00%
pymatgen/io/adf.py/has_subkey,5,5,0,100.00%
pymatgen/io/adf.py/add_subkey,4,4,0,100.00%
pymatgen/io/adf.py/remove_subkey,5,3,2,60.00%
pymatgen/io/adf.py/add_option,4,4,0,100.00%
pymatgen/io/adf.py/remove_option,5,4,1,80.00%
pymatgen/io/adf.py/has_option,5,5,0,100.00%
pymatgen/io/adf.py/as_dict,5,5,0,100.00%
pymatgen/io/adf.py/from_dict,5,4,1,80.00%
pymatgen/io/adf.py/from_str,5,1,4,20.00%
pymatgen/io/adf.py/is_float,5,3,2,60.00%
pymatgen/io/adf.py/iter_lines,4,4,0,100.00%
pymatgen/io/adf.py/AdfTask,5,2,3,40.00%
pymatgen/io/adf.py/__init__,10,7,3,70.00%
pymatgen/io/adf.py/get_default_basis_set,5,2,3,40.00%
pymatgen/io/adf.py/get_default_scf,5,2,3,40.00%
pymatgen/io/adf.py/get_default_geo,4,1,3,25.00%
pymatgen/io/adf.py/get_default_xc,4,3,1,75.00%
pymatgen/io/adf.py/get_default_units,5,2,3,40.00%
pymatgen/io/adf.py/_setup_task,5,5,0,100.00%
pymatgen/io/adf.py/__str__,8,7,1,87.50%
pymatgen/io/adf.py/as_dict,9,9,0,100.00%
pymatgen/io/adf.py/from_dict,10,9,1,90.00%
pymatgen/io/adf.py/_from_dict,5,4,1,80.00%
pymatgen/io/adf.py/AdfInput,5,1,4,20.00%
pymatgen/io/adf.py/__init__,14,11,3,78.57%
pymatgen/io/adf.py/write_file,5,4,1,80.00%
pymatgen/io/adf.py/AdfOutput,5,2,3,40.00%
pymatgen/io/adf.py/__init__,18,14,4,77.78%
pymatgen/io/adf.py/_parse,5,5,0,100.00%
pymatgen/io/adf.py/_sites_to_mol,5,5,0,100.00%
pymatgen/io/adf.py/_parse_logfile,5,5,0,100.00%
pymatgen/io/adf.py/_parse_adf_output,5,4,1,80.00%
pymatgen/io/feff/inputs.py/Header,5,5,0,100.00%
pymatgen/io/feff/inputs.py/__init__,5,4,1,80.00%
pymatgen/io/feff/inputs.py/from_cif_file,4,3,1,75.00%
pymatgen/io/feff/inputs.py/structure_symmetry,4,4,0,100.00%
pymatgen/io/feff/inputs.py/formula,5,5,0,100.00%
pymatgen/io/feff/inputs.py/from_file,4,4,0,100.00%
pymatgen/io/feff/inputs.py/header_string_from_file,5,2,3,40.00%
pymatgen/io/feff/inputs.py/from_str,4,3,1,75.00%
pymatgen/io/feff/inputs.py/__str__,5,4,1,80.00%
pymatgen/io/feff/inputs.py/write_file,4,3,1,75.00%
pymatgen/io/feff/inputs.py/Atoms,5,4,1,80.00%
pymatgen/io/feff/inputs.py/__init__,10,9,1,90.00%
pymatgen/io/feff/inputs.py/_set_cluster,5,4,1,80.00%
pymatgen/io/feff/inputs.py/cluster,4,4,0,100.00%
pymatgen/io/feff/inputs.py/atoms_string_from_file,5,4,1,80.00%
pymatgen/io/feff/inputs.py/cluster_from_file,5,4,1,80.00%
pymatgen/io/feff/inputs.py/get_lines,5,4,1,80.00%
pymatgen/io/feff/inputs.py/__str__,10,8,2,80.00%
pymatgen/io/feff/inputs.py/write_file,8,7,1,87.50%
pymatgen/io/feff/inputs.py/Tags,5,4,1,80.00%
pymatgen/io/feff/inputs.py/__init__,15,13,2,86.67%
pymatgen/io/feff/inputs.py/__setitem__,5,2,3,40.00%
pymatgen/io/feff/inputs.py/as_dict,5,5,0,100.00%
pymatgen/io/feff/inputs.py/from_dict,5,5,0,100.00%
pymatgen/io/feff/inputs.py/get_str,5,5,0,100.00%
pymatgen/io/feff/inputs.py/_stringify_val,5,4,1,80.00%
pymatgen/io/feff/inputs.py/__str__,15,11,4,73.33%
pymatgen/io/feff/inputs.py/write_file,12,9,3,75.00%
pymatgen/io/feff/inputs.py/from_file,9,9,0,100.00%
pymatgen/io/feff/inputs.py/proc_val,5,2,3,40.00%
pymatgen/io/feff/inputs.py/smart_int_or_float,5,5,0,100.00%
pymatgen/io/feff/inputs.py/diff,5,4,1,80.00%
pymatgen/io/feff/inputs.py/__add__,4,4,0,100.00%
pymatgen/io/feff/inputs.py/Potential,5,3,2,60.00%
pymatgen/io/feff/inputs.py/__init__,19,16,3,84.21%
pymatgen/io/feff/inputs.py/pot_string_from_file,5,4,1,80.00%
pymatgen/io/feff/inputs.py/pot_dict_from_str,5,3,2,60.00%
pymatgen/io/feff/inputs.py/__str__,20,16,4,80.00%
pymatgen/io/feff/inputs.py/write_file,16,12,4,75.00%
pymatgen/io/feff/inputs.py/Paths,5,5,0,100.00%
pymatgen/io/feff/inputs.py/__init__,24,21,3,87.50%
pymatgen/io/feff/inputs.py/__str__,25,20,5,80.00%
pymatgen/io/feff/inputs.py/write_file,21,15,6,71.43%
pymatgen/io/feff/inputs.py/FeffParseError,4,3,1,75.00%
pymatgen/io/feff/inputs.py/get_atom_map,5,5,0,100.00%
pymatgen/io/feff/inputs.py/get_absorbing_atom_symbol_index,5,4,1,80.00%
pymatgen/io/feff/sets.py/AbstractFeffInputSet,5,3,2,60.00%
pymatgen/io/feff/sets.py/header,4,4,0,100.00%
pymatgen/io/feff/sets.py/atoms,4,4,0,100.00%
pymatgen/io/feff/sets.py/tags,4,3,1,75.00%
pymatgen/io/feff/sets.py/potential,4,3,1,75.00%
pymatgen/io/feff/sets.py/all_input,4,3,1,75.00%
pymatgen/io/feff/sets.py/write_input,5,4,1,80.00%
pymatgen/io/feff/sets.py/FEFFDictSet,5,5,0,100.00%
pymatgen/io/feff/sets.py/__init__,5,5,0,100.00%
pymatgen/io/feff/sets.py/header,8,6,2,75.00%
pymatgen/io/feff/sets.py/tags,9,6,3,66.67%
pymatgen/io/feff/sets.py/potential,9,8,1,88.89%
pymatgen/io/feff/sets.py/atoms,8,7,1,87.50%
pymatgen/io/feff/sets.py/__str__,5,3,2,60.00%
pymatgen/io/feff/sets.py/from_directory,5,3,2,60.00%
pymatgen/io/feff/sets.py/MPXANESSet,5,5,0,100.00%
pymatgen/io/feff/sets.py/__init__,10,10,0,100.00%
pymatgen/io/feff/sets.py/MPEXAFSSet,5,5,0,100.00%
pymatgen/io/feff/sets.py/__init__,15,15,0,100.00%
pymatgen/io/feff/sets.py/MPEELSDictSet,5,4,1,80.00%
pymatgen/io/feff/sets.py/__init__,19,19,0,100.00%
pymatgen/io/feff/sets.py/MPELNESSet,5,4,1,80.00%
pymatgen/io/feff/sets.py/__init__,24,24,0,100.00%
pymatgen/io/feff/sets.py/MPEXELFSSet,5,4,1,80.00%
pymatgen/io/feff/sets.py/__init__,29,29,0,100.00%
pymatgen/io/feff/outputs.py/LDos,5,3,2,60.00%
pymatgen/io/feff/outputs.py/__init__,5,4,1,80.00%
pymatgen/io/feff/outputs.py/from_file,5,4,1,80.00%
pymatgen/io/feff/outputs.py/charge_transfer_from_file,5,4,1,80.00%
pymatgen/io/feff/outputs.py/charge_transfer_to_str,5,5,0,100.00%
pymatgen/io/feff/outputs.py/Xmu,5,4,1,80.00%
pymatgen/io/feff/outputs.py/__init__,9,7,2,77.78%
pymatgen/io/feff/outputs.py/from_file,10,8,2,80.00%
pymatgen/io/feff/outputs.py/energies,5,5,0,100.00%
pymatgen/io/feff/outputs.py/relative_energies,5,5,0,100.00%
pymatgen/io/feff/outputs.py/wavenumber,5,4,1,80.00%
pymatgen/io/feff/outputs.py/mu,5,3,2,60.00%
pymatgen/io/feff/outputs.py/mu0,4,4,0,100.00%
pymatgen/io/feff/outputs.py/chi,4,4,0,100.00%
pymatgen/io/feff/outputs.py/e_fermi,5,4,1,80.00%
pymatgen/io/feff/outputs.py/source,5,3,2,60.00%
pymatgen/io/feff/outputs.py/calc,5,3,2,60.00%
pymatgen/io/feff/outputs.py/material_formula,5,2,3,40.00%
pymatgen/io/feff/outputs.py/edge,4,4,0,100.00%
pymatgen/io/feff/outputs.py/as_dict,5,5,0,100.00%
pymatgen/io/feff/outputs.py/Eels,5,5,0,100.00%
pymatgen/io/feff/outputs.py/__init__,13,9,4,69.23%
pymatgen/io/feff/outputs.py/energies,10,9,1,90.00%
pymatgen/io/feff/outputs.py/total_spectrum,5,5,0,100.00%
pymatgen/io/feff/outputs.py/atomic_background,4,4,0,100.00%
pymatgen/io/feff/outputs.py/fine_structure,5,4,1,80.00%
pymatgen/io/feff/outputs.py/from_file,15,13,2,86.67%
pymatgen/io/feff/outputs.py/as_dict,10,9,1,90.00%
pymatgen/io/lobster/inputs.py/Lobsterin,5,3,2,60.00%
pymatgen/io/lobster/inputs.py/__init__,4,1,3,25.00%
pymatgen/io/lobster/inputs.py/__setitem__,5,5,0,100.00%
pymatgen/io/lobster/inputs.py/__getitem__,5,4,1,80.00%
pymatgen/io/lobster/inputs.py/__contains__,5,3,2,60.00%
pymatgen/io/lobster/inputs.py/__delitem__,5,4,1,80.00%
pymatgen/io/lobster/inputs.py/diff,5,4,1,80.00%
pymatgen/io/lobster/inputs.py/write_lobsterin,5,5,0,100.00%
pymatgen/io/lobster/inputs.py/as_dict,5,4,1,80.00%
pymatgen/io/lobster/inputs.py/from_dict,5,5,0,100.00%
pymatgen/io/lobster/inputs.py/_get_nbands,5,4,1,80.00%
pymatgen/io/lobster/inputs.py/write_INCAR,5,5,0,100.00%
pymatgen/io/lobster/inputs.py/get_basis,5,3,2,60.00%
pymatgen/io/lobster/inputs.py/get_all_possible_basis_functions,5,4,1,80.00%
pymatgen/io/lobster/inputs.py/write_POSCAR_with_standard_primitive,5,3,2,60.00%
pymatgen/io/lobster/inputs.py/write_KPOINTS,5,5,0,100.00%
pymatgen/io/lobster/inputs.py/from_file,5,5,0,100.00%
pymatgen/io/lobster/inputs.py/_get_potcar_symbols,5,3,2,60.00%
pymatgen/io/lobster/inputs.py/standard_calculations_from_vasp_files,5,5,0,100.00%
pymatgen/io/lobster/inputs.py/get_all_possible_basis_combinations,5,4,1,80.00%
pymatgen/io/lobster/lobsterenv.py/LobsterNeighbors,5,5,0,100.00%
pymatgen/io/lobster/lobsterenv.py/__init__,5,5,0,100.00%
pymatgen/io/lobster/lobsterenv.py/structures_allowed,5,4,1,80.00%
pymatgen/io/lobster/lobsterenv.py/molecules_allowed,4,4,0,100.00%
pymatgen/io/lobster/lobsterenv.py/anion_types,5,4,1,80.00%
pymatgen/io/lobster/lobsterenv.py/get_anion_types,5,3,2,60.00%
pymatgen/io/lobster/lobsterenv.py/get_nn_info,5,5,0,100.00%
pymatgen/io/lobster/lobsterenv.py/get_light_structure_environment,5,4,1,80.00%
pymatgen/io/lobster/lobsterenv.py/get_info_icohps_to_neighbors,5,5,0,100.00%
pymatgen/io/lobster/lobsterenv.py/plot_cohps_of_neighbors,5,5,0,100.00%
pymatgen/io/lobster/lobsterenv.py/get_info_cohps_to_neighbors,5,5,0,100.00%
pymatgen/io/lobster/lobsterenv.py/_get_plot_label,5,4,1,80.00%
pymatgen/io/lobster/lobsterenv.py/get_info_icohps_between_neighbors,5,5,0,100.00%
pymatgen/io/lobster/lobsterenv.py/_evaluate_ce,5,4,1,80.00%
pymatgen/io/lobster/lobsterenv.py/_find_environments,5,5,0,100.00%
pymatgen/io/lobster/lobsterenv.py/_find_relevant_atoms_additional_condition,5,5,0,100.00%
pymatgen/io/lobster/lobsterenv.py/_get_icohps,5,5,0,100.00%
pymatgen/io/lobster/lobsterenv.py/_get_atomnumber,4,4,0,100.00%
pymatgen/io/lobster/lobsterenv.py/_split_string,5,4,1,80.00%
pymatgen/io/lobster/lobsterenv.py/_determine_unit_cell,5,3,2,60.00%
pymatgen/io/lobster/lobsterenv.py/_adapt_extremum_to_add_cond,5,3,2,60.00%
pymatgen/io/lobster/lobsterenv.py/_get_limit_from_extremum,5,5,0,100.00%
pymatgen/io/lobster/lobsterenv.py/LobsterLightStructureEnvironments,5,5,0,100.00%
pymatgen/io/lobster/lobsterenv.py/from_Lobster,5,4,1,80.00%
pymatgen/io/lobster/lobsterenv.py/uniquely_determines_coordination_environments,5,4,1,80.00%
pymatgen/io/lobster/lobsterenv.py/as_dict,5,3,2,60.00%
pymatgen/io/lobster/lobsterenv.py/ICOHPNeighborsInfo,5,4,1,80.00%
pymatgen/io/lobster/outputs.py/Cohpcar,5,4,1,80.00%
pymatgen/io/lobster/outputs.py/__init__,5,5,0,100.00%
pymatgen/io/lobster/outputs.py/_get_bond_data,5,4,1,80.00%
pymatgen/io/lobster/outputs.py/Icohplist,5,2,3,40.00%
pymatgen/io/lobster/outputs.py/__init__,10,9,1,90.00%
pymatgen/io/lobster/outputs.py/icohplist,5,4,1,80.00%
pymatgen/io/lobster/outputs.py/icohpcollection,3,3,0,100.00%
pymatgen/io/lobster/outputs.py/NciCobiList,5,4,1,80.00%
pymatgen/io/lobster/outputs.py/__init__,15,13,2,86.67%
pymatgen/io/lobster/outputs.py/ncicobi_list,5,3,2,60.00%
pymatgen/io/lobster/outputs.py/Doscar,5,5,0,100.00%
pymatgen/io/lobster/outputs.py/__init__,20,17,3,85.00%
pymatgen/io/lobster/outputs.py/_parse_doscar,5,4,1,80.00%
pymatgen/io/lobster/outputs.py/completedos,4,4,0,100.00%
pymatgen/io/lobster/outputs.py/pdos,5,4,1,80.00%
pymatgen/io/lobster/outputs.py/tdos,4,4,0,100.00%
pymatgen/io/lobster/outputs.py/energies,5,5,0,100.00%
pymatgen/io/lobster/outputs.py/tdensities,5,4,1,80.00%
pymatgen/io/lobster/outputs.py/itdensities,4,2,2,50.00%
pymatgen/io/lobster/outputs.py/is_spin_polarized,5,4,1,80.00%
pymatgen/io/lobster/outputs.py/Charge,5,5,0,100.00%
pymatgen/io/lobster/outputs.py/__init__,25,20,5,80.00%
pymatgen/io/lobster/outputs.py/get_structure_with_charges,5,3,2,60.00%
pymatgen/io/lobster/outputs.py/Mulliken,5,3,2,60.00%
pymatgen/io/lobster/outputs.py/Loewdin,5,3,2,60.00%
pymatgen/io/lobster/outputs.py/Lobsterout,5,4,1,80.00%
pymatgen/io/lobster/outputs.py/__init__,30,24,6,80.00%
pymatgen/io/lobster/outputs.py/get_doc,5,4,1,80.00%
pymatgen/io/lobster/outputs.py/as_dict,5,5,0,100.00%
pymatgen/io/lobster/outputs.py/_get_lobster_version,5,5,0,100.00%
pymatgen/io/lobster/outputs.py/_has_fatband,5,3,2,60.00%
pymatgen/io/lobster/outputs.py/_get_dft_program,4,4,0,100.00%
pymatgen/io/lobster/outputs.py/_get_number_of_spins,5,5,0,100.00%
pymatgen/io/lobster/outputs.py/_get_threads,5,3,2,60.00%
pymatgen/io/lobster/outputs.py/_get_spillings,5,4,1,80.00%
pymatgen/io/lobster/outputs.py/_get_elements_basistype_basisfunctions,5,4,1,80.00%
pymatgen/io/lobster/outputs.py/_get_timing,5,3,2,60.00%
pymatgen/io/lobster/outputs.py/_get_warning_orthonormalization,5,3,2,60.00%
pymatgen/io/lobster/outputs.py/_get_all_warning_lines,4,2,2,50.00%
pymatgen/io/lobster/outputs.py/_get_all_info_lines,5,4,1,80.00%
pymatgen/io/lobster/outputs.py/Fatband,5,4,1,80.00%
pymatgen/io/lobster/outputs.py/__init__,35,26,9,74.29%
pymatgen/io/lobster/outputs.py/get_bandstructure,5,5,0,100.00%
pymatgen/io/lobster/outputs.py/Bandoverlaps,5,4,1,80.00%
pymatgen/io/lobster/outputs.py/__init__,39,28,11,71.79%
pymatgen/io/lobster/outputs.py/_read,5,4,1,80.00%
pymatgen/io/lobster/outputs.py/has_good_quality_maxDeviation,5,5,0,100.00%
pymatgen/io/lobster/outputs.py/has_good_quality_check_occupied_bands,5,4,1,80.00%
pymatgen/io/lobster/outputs.py/bandoverlapsdict,4,4,0,100.00%
pymatgen/io/lobster/outputs.py/Grosspop,5,5,0,100.00%
pymatgen/io/lobster/outputs.py/__init__,44,31,13,70.45%
pymatgen/io/lobster/outputs.py/get_structure_with_total_grosspop,5,5,0,100.00%
pymatgen/io/lobster/outputs.py/Wavefunction,5,3,2,60.00%
pymatgen/io/lobster/outputs.py/__init__,49,35,14,71.43%
pymatgen/io/lobster/outputs.py/_parse_file,4,2,2,50.00%
pymatgen/io/lobster/outputs.py/set_volumetric_data,5,5,0,100.00%
pymatgen/io/lobster/outputs.py/get_volumetricdata_real,4,4,0,100.00%
pymatgen/io/lobster/outputs.py/get_volumetricdata_imaginary,5,5,0,100.00%
pymatgen/io/lobster/outputs.py/get_volumetricdata_density,5,4,1,80.00%
pymatgen/io/lobster/outputs.py/write_file,5,4,1,80.00%
pymatgen/io/lobster/outputs.py/MadelungEnergies,5,4,1,80.00%
pymatgen/io/lobster/outputs.py/__init__,53,38,15,71.70%
pymatgen/io/lobster/outputs.py/madelungenergies_Loewdin,5,2,3,40.00%
pymatgen/io/lobster/outputs.py/madelungenergies_Mulliken,5,2,3,40.00%
pymatgen/io/lobster/outputs.py/SitePotential,5,4,1,80.00%
pymatgen/io/lobster/outputs.py/__init__,58,41,17,70.69%
pymatgen/io/lobster/outputs.py/get_structure_with_site_potentials,4,3,1,75.00%
pymatgen/io/lobster/outputs.py/sitepotentials_Mulliken,5,4,1,80.00%
pymatgen/io/lobster/outputs.py/sitepotentials_Loewdin,5,3,2,60.00%
pymatgen/io/lobster/outputs.py/madelungenergies_Mulliken,9,6,3,66.67%
pymatgen/io/lobster/outputs.py/madelungenergies_Loewdin,10,6,4,60.00%
pymatgen/io/lobster/outputs.py/get_orb_from_str,5,4,1,80.00%
pymatgen/io/lobster/outputs.py/LobsterMatrices,5,4,1,80.00%
pymatgen/io/lobster/outputs.py/__init__,63,45,18,71.43%
pymatgen/io/lobster/outputs.py/_parse_matrix,5,4,1,80.00%
pymatgen/io/cp2k/inputs.py/Keyword,5,4,1,80.00%
pymatgen/io/cp2k/inputs.py/__init__,5,3,2,60.00%
pymatgen/io/cp2k/inputs.py/__str__,5,4,1,80.00%
pymatgen/io/cp2k/inputs.py/__eq__,4,4,0,100.00%
pymatgen/io/cp2k/inputs.py/__add__,5,5,0,100.00%
pymatgen/io/cp2k/inputs.py/__getitem__,5,5,0,100.00%
pymatgen/io/cp2k/inputs.py/as_dict,5,5,0,100.00%
pymatgen/io/cp2k/inputs.py/get_str,4,3,1,75.00%
pymatgen/io/cp2k/inputs.py/from_dict,4,4,0,100.00%
pymatgen/io/cp2k/inputs.py/from_str,5,5,0,100.00%
pymatgen/io/cp2k/inputs.py/verbosity,4,4,0,100.00%
pymatgen/io/cp2k/inputs.py/KeywordList,5,2,3,40.00%
pymatgen/io/cp2k/inputs.py/__init__,10,6,4,60.00%
pymatgen/io/cp2k/inputs.py/__str__,9,7,2,77.78%
pymatgen/io/cp2k/inputs.py/__eq__,9,9,0,100.00%
pymatgen/io/cp2k/inputs.py/__add__,10,7,3,70.00%
pymatgen/io/cp2k/inputs.py/__len__,4,4,0,100.00%
pymatgen/io/cp2k/inputs.py/__getitem__,10,9,1,90.00%
pymatgen/io/cp2k/inputs.py/append,4,3,1,75.00%
pymatgen/io/cp2k/inputs.py/extend,5,5,0,100.00%
pymatgen/io/cp2k/inputs.py/get_str,9,6,3,66.67%
pymatgen/io/cp2k/inputs.py/verbosity,8,8,0,100.00%
pymatgen/io/cp2k/inputs.py/Section,5,3,2,60.00%
pymatgen/io/cp2k/inputs.py/__init__,14,10,4,71.43%
pymatgen/io/cp2k/inputs.py/__str__,13,10,3,76.92%
pymatgen/io/cp2k/inputs.py/__eq__,13,13,0,100.00%
pymatgen/io/cp2k/inputs.py/__getitem__,15,11,4,73.33%
pymatgen/io/cp2k/inputs.py/__add__,15,10,5,66.67%
pymatgen/io/cp2k/inputs.py/__setitem__,4,3,1,75.00%
pymatgen/io/cp2k/inputs.py/__or__,5,3,2,60.00%
pymatgen/io/cp2k/inputs.py/__delitem__,5,3,2,60.00%
pymatgen/io/cp2k/inputs.py/__sub__,5,3,2,60.00%
pymatgen/io/cp2k/inputs.py/setitem,5,4,1,80.00%
pymatgen/io/cp2k/inputs.py/add,5,3,2,60.00%
pymatgen/io/cp2k/inputs.py/get,5,2,3,40.00%
pymatgen/io/cp2k/inputs.py/get_section,5,5,0,100.00%
pymatgen/io/cp2k/inputs.py/get_keyword,5,5,0,100.00%
pymatgen/io/cp2k/inputs.py/update,5,4,1,80.00%
pymatgen/io/cp2k/inputs.py/_update,5,4,1,80.00%
pymatgen/io/cp2k/inputs.py/set,5,3,2,60.00%
pymatgen/io/cp2k/inputs.py/safeset,4,3,1,75.00%
pymatgen/io/cp2k/inputs.py/unset,5,4,1,80.00%
pymatgen/io/cp2k/inputs.py/inc,5,3,2,60.00%
pymatgen/io/cp2k/inputs.py/insert,4,4,0,100.00%
pymatgen/io/cp2k/inputs.py/check,5,3,2,60.00%
pymatgen/io/cp2k/inputs.py/by_path,5,5,0,100.00%
pymatgen/io/cp2k/inputs.py/get_str,13,9,4,69.23%
pymatgen/io/cp2k/inputs.py/_get_str,5,5,0,100.00%
pymatgen/io/cp2k/inputs.py/verbosity,12,12,0,100.00%
pymatgen/io/cp2k/inputs.py/silence,5,5,0,100.00%
pymatgen/io/cp2k/inputs.py/SectionList,5,2,3,40.00%
pymatgen/io/cp2k/inputs.py/__init__,19,14,5,73.68%
pymatgen/io/cp2k/inputs.py/__str__,17,13,4,76.47%
pymatgen/io/cp2k/inputs.py/__eq__,18,18,0,100.00%
pymatgen/io/cp2k/inputs.py/__add__,19,12,7,63.16%
pymatgen/io/cp2k/inputs.py/__len__,7,7,0,100.00%
pymatgen/io/cp2k/inputs.py/__getitem__,20,15,5,75.00%
pymatgen/io/cp2k/inputs.py/_get_str,10,10,0,100.00%
pymatgen/io/cp2k/inputs.py/get_str,17,13,4,76.47%
pymatgen/io/cp2k/inputs.py/get,10,4,6,40.00%
pymatgen/io/cp2k/inputs.py/append,9,8,1,88.89%
pymatgen/io/cp2k/inputs.py/extend,9,8,1,88.89%
pymatgen/io/cp2k/inputs.py/verbosity,16,16,0,100.00%
pymatgen/io/cp2k/inputs.py/Cp2kInput,5,3,2,60.00%
pymatgen/io/cp2k/inputs.py/__init__,23,18,5,78.26%
pymatgen/io/cp2k/inputs.py/get_str,21,16,5,76.19%
pymatgen/io/cp2k/inputs.py/_from_dict,4,2,2,50.00%
pymatgen/io/cp2k/inputs.py/from_file,5,5,0,100.00%
pymatgen/io/cp2k/inputs.py/from_str,10,9,1,90.00%
pymatgen/io/cp2k/inputs.py/from_lines,5,3,2,60.00%
pymatgen/io/cp2k/inputs.py/_from_lines,5,4,1,80.00%
pymatgen/io/cp2k/inputs.py/write_file,5,4,1,80.00%
pymatgen/io/cp2k/inputs.py/Global,5,4,1,80.00%
pymatgen/io/cp2k/inputs.py/__init__,28,22,6,78.57%
pymatgen/io/cp2k/inputs.py/ForceEval,5,5,0,100.00%
pymatgen/io/cp2k/inputs.py/__init__,33,27,6,81.82%
pymatgen/io/cp2k/inputs.py/Dft,5,3,2,60.00%
pymatgen/io/cp2k/inputs.py/__init__,38,32,6,84.21%
pymatgen/io/cp2k/inputs.py/Subsys,4,4,0,100.00%
pymatgen/io/cp2k/inputs.py/__init__,42,36,6,85.71%
pymatgen/io/cp2k/inputs.py/QS,5,4,1,80.00%
pymatgen/io/cp2k/inputs.py/__init__,47,41,6,87.23%
pymatgen/io/cp2k/inputs.py/Scf,5,4,1,80.00%
pymatgen/io/cp2k/inputs.py/__init__,52,44,8,84.62%
pymatgen/io/cp2k/inputs.py/Mgrid,5,2,3,40.00%
pymatgen/io/cp2k/inputs.py/__init__,57,48,9,84.21%
pymatgen/io/cp2k/inputs.py/Diagonalization,5,5,0,100.00%
pymatgen/io/cp2k/inputs.py/__init__,62,52,10,83.87%
pymatgen/io/cp2k/inputs.py/Davidson,5,3,2,60.00%
pymatgen/io/cp2k/inputs.py/__init__,67,55,12,82.09%
pymatgen/io/cp2k/inputs.py/OrbitalTransformation,5,2,3,40.00%
pymatgen/io/cp2k/inputs.py/__init__,72,59,13,81.94%
pymatgen/io/cp2k/inputs.py/Cell,5,5,0,100.00%
pymatgen/io/cp2k/inputs.py/__init__,77,63,14,81.82%
pymatgen/io/cp2k/inputs.py/Kind,5,5,0,100.00%
pymatgen/io/cp2k/inputs.py/__init__,82,67,15,81.71%
pymatgen/io/cp2k/inputs.py/DftPlusU,5,4,1,80.00%
pymatgen/io/cp2k/inputs.py/__init__,87,72,15,82.76%
pymatgen/io/cp2k/inputs.py/Coord,5,5,0,100.00%
pymatgen/io/cp2k/inputs.py/__init__,92,77,15,83.70%
pymatgen/io/cp2k/inputs.py/DOS,5,4,1,80.00%
pymatgen/io/cp2k/inputs.py/__init__,97,82,15,84.54%
pymatgen/io/cp2k/inputs.py/PDOS,4,3,1,75.00%
pymatgen/io/cp2k/inputs.py/__init__,102,86,16,84.31%
pymatgen/io/cp2k/inputs.py/LDOS,5,4,1,80.00%
pymatgen/io/cp2k/inputs.py/__init__,107,88,19,82.24%
pymatgen/io/cp2k/inputs.py/VHartreeCube,5,4,1,80.00%
pymatgen/io/cp2k/inputs.py/__init__,112,92,20,82.14%
pymatgen/io/cp2k/inputs.py/V_Hartree_Cube,4,4,0,100.00%
pymatgen/io/cp2k/inputs.py/MOCubes,5,4,1,80.00%
pymatgen/io/cp2k/inputs.py/__init__,117,97,20,82.91%
pymatgen/io/cp2k/inputs.py/MO_Cubes,4,3,1,75.00%
pymatgen/io/cp2k/inputs.py/EDensityCube,5,5,0,100.00%
pymatgen/io/cp2k/inputs.py/__init__,122,100,22,81.97%
pymatgen/io/cp2k/inputs.py/E_Density_Cube,4,2,2,50.00%
pymatgen/io/cp2k/inputs.py/Smear,5,5,0,100.00%
pymatgen/io/cp2k/inputs.py/__init__,127,103,24,81.10%
pymatgen/io/cp2k/inputs.py/BrokenSymmetry,5,4,1,80.00%
pymatgen/io/cp2k/inputs.py/__init__,132,106,26,80.30%
pymatgen/io/cp2k/inputs.py/from_el,4,3,1,75.00%
pymatgen/io/cp2k/inputs.py/f,5,1,4,20.00%
pymatgen/io/cp2k/inputs.py/f2,5,1,4,20.00%
pymatgen/io/cp2k/inputs.py/f3,5,1,4,20.00%
pymatgen/io/cp2k/inputs.py/XCFunctional,5,5,0,100.00%
pymatgen/io/cp2k/inputs.py/__init__,137,109,28,79.56%
pymatgen/io/cp2k/inputs.py/Xc_Functional,4,1,3,25.00%
pymatgen/io/cp2k/inputs.py/PBE,5,4,1,80.00%
pymatgen/io/cp2k/inputs.py/__init__,142,114,28,80.28%
pymatgen/io/cp2k/inputs.py/Kpoints,5,5,0,100.00%
pymatgen/io/cp2k/inputs.py/__init__,147,118,29,80.27%
pymatgen/io/cp2k/inputs.py/from_kpoints,5,4,1,80.00%
pymatgen/io/cp2k/inputs.py/KpointSet,5,3,2,60.00%
pymatgen/io/cp2k/inputs.py/__init__,152,120,32,78.95%
pymatgen/io/cp2k/inputs.py/Kpoint_Set,4,1,3,25.00%
pymatgen/io/cp2k/inputs.py/BandStructure,5,4,1,80.00%
pymatgen/io/cp2k/inputs.py/__init__,157,123,34,78.34%
pymatgen/io/cp2k/inputs.py/from_kpoints,10,8,2,80.00%
pymatgen/io/cp2k/inputs.py/pairwise,4,4,0,100.00%
pymatgen/io/cp2k/inputs.py/Band_Structure,4,3,1,75.00%
pymatgen/io/cp2k/inputs.py/BasisInfo,5,5,0,100.00%
pymatgen/io/cp2k/inputs.py/softmatch,5,4,1,80.00%
pymatgen/io/cp2k/inputs.py/from_str,15,11,4,73.33%
pymatgen/io/cp2k/inputs.py/AtomicMetadata,5,5,0,100.00%
pymatgen/io/cp2k/inputs.py/softmatch,10,8,2,80.00%
pymatgen/io/cp2k/inputs.py/get_hash,4,3,1,75.00%
pymatgen/io/cp2k/inputs.py/get_str,26,20,6,76.92%
pymatgen/io/cp2k/inputs.py/GaussianTypeOrbitalBasisSet,5,5,0,100.00%
pymatgen/io/cp2k/inputs.py/__post_init__,4,3,1,75.00%
pymatgen/io/cp2k/inputs.py/cast,5,3,2,60.00%
pymatgen/io/cp2k/inputs.py/get_keyword,10,7,3,70.00%
pymatgen/io/cp2k/inputs.py/nexp,4,4,0,100.00%
pymatgen/io/cp2k/inputs.py/get_str,31,23,8,74.19%
pymatgen/io/cp2k/inputs.py/from_str,20,15,5,75.00%
pymatgen/io/cp2k/inputs.py/PotentialInfo,5,4,1,80.00%
pymatgen/io/cp2k/inputs.py/softmatch,15,11,4,73.33%
pymatgen/io/cp2k/inputs.py/from_str,25,19,6,76.00%
pymatgen/io/cp2k/inputs.py/GthPotential,5,4,1,80.00%
pymatgen/io/cp2k/inputs.py/__post_init__,9,8,1,88.89%
pymatgen/io/cp2k/inputs.py/cast,10,7,3,70.00%
pymatgen/io/cp2k/inputs.py/get_keyword,15,11,4,73.33%
pymatgen/io/cp2k/inputs.py/get_section,10,8,2,80.00%
pymatgen/io/cp2k/inputs.py/from_section,4,4,0,100.00%
pymatgen/io/cp2k/inputs.py/get_str,36,27,9,75.00%
pymatgen/io/cp2k/inputs.py/from_str,30,22,8,73.33%
pymatgen/io/cp2k/inputs.py/DataFile,5,5,0,100.00%
pymatgen/io/cp2k/inputs.py/__str__,21,15,6,71.43%
pymatgen/io/cp2k/inputs.py/from_file,9,9,0,100.00%
pymatgen/io/cp2k/inputs.py/from_str,35,27,8,77.14%
pymatgen/io/cp2k/inputs.py/write_file,10,8,2,80.00%
pymatgen/io/cp2k/inputs.py/get_str,41,31,10,75.61%
pymatgen/io/cp2k/inputs.py/BasisFile,5,4,1,80.00%
pymatgen/io/cp2k/inputs.py/from_str,40,32,8,80.00%
pymatgen/io/cp2k/inputs.py/PotentialFile,5,4,1,80.00%
pymatgen/io/cp2k/inputs.py/from_str,45,37,8,82.22%
pymatgen/io/cp2k/utils.py/postprocessor,5,3,2,60.00%
pymatgen/io/cp2k/utils.py/preprocessor,5,5,0,100.00%
pymatgen/io/cp2k/utils.py/chunk,5,3,2,60.00%
pymatgen/io/cp2k/utils.py/natural_keys,5,4,1,80.00%
pymatgen/io/cp2k/utils.py/atoi,5,4,1,80.00%
pymatgen/io/cp2k/utils.py/get_unique_site_indices,5,5,0,100.00%
pymatgen/io/cp2k/utils.py/get_truncated_coulomb_cutoff,5,5,0,100.00%
pymatgen/io/cp2k/sets.py/DftSet,5,5,0,100.00%
pymatgen/io/cp2k/sets.py/__init__,5,4,1,80.00%
pymatgen/io/cp2k/sets.py/get_basis_and_potential,5,4,1,80.00%
pymatgen/io/cp2k/sets.py/match_elecs,5,4,1,80.00%
pymatgen/io/cp2k/sets.py/get_cutoff_from_basis,5,5,0,100.00%
pymatgen/io/cp2k/sets.py/get_soft_exponents,5,2,3,40.00%
pymatgen/io/cp2k/sets.py/get_xc_functionals,5,3,2,60.00%
pymatgen/io/cp2k/sets.py/write_basis_set_file,4,2,2,50.00%
pymatgen/io/cp2k/sets.py/write_potential_file,5,4,1,80.00%
pymatgen/io/cp2k/sets.py/print_forces,4,4,0,100.00%
pymatgen/io/cp2k/sets.py/print_dos,4,3,1,75.00%
pymatgen/io/cp2k/sets.py/print_pdos,5,3,2,60.00%
pymatgen/io/cp2k/sets.py/print_ldos,5,5,0,100.00%
pymatgen/io/cp2k/sets.py/print_mo_cubes,4,2,2,50.00%
pymatgen/io/cp2k/sets.py/print_mo,4,3,1,75.00%
pymatgen/io/cp2k/sets.py/print_v_hartree,5,5,0,100.00%
pymatgen/io/cp2k/sets.py/print_e_density,5,5,0,100.00%
pymatgen/io/cp2k/sets.py/print_bandstructure,5,5,0,100.00%
pymatgen/io/cp2k/sets.py/print_hirshfeld,4,4,0,100.00%
pymatgen/io/cp2k/sets.py/print_mulliken,5,5,0,100.00%
pymatgen/io/cp2k/sets.py/set_charge,4,4,0,100.00%
pymatgen/io/cp2k/sets.py/activate_hybrid,5,5,0,100.00%
pymatgen/io/cp2k/sets.py/activate_motion,4,4,0,100.00%
pymatgen/io/cp2k/sets.py/activate_tddfpt,5,4,1,80.00%
pymatgen/io/cp2k/sets.py/activate_epr,5,5,0,100.00%
pymatgen/io/cp2k/sets.py/activate_nmr,5,5,0,100.00%
pymatgen/io/cp2k/sets.py/activate_spinspin,5,5,0,100.00%
pymatgen/io/cp2k/sets.py/activate_polar,5,3,2,60.00%
pymatgen/io/cp2k/sets.py/activate_hyperfine,4,3,1,75.00%
pymatgen/io/cp2k/sets.py/activate_localize,5,5,0,100.00%
pymatgen/io/cp2k/sets.py/activate_vdw_potential,5,3,2,60.00%
pymatgen/io/cp2k/sets.py/activate_fast_minimization,5,4,1,80.00%
pymatgen/io/cp2k/sets.py/activate_robust_minimization,5,1,4,20.00%
pymatgen/io/cp2k/sets.py/activate_very_strict_minimization,5,4,1,80.00%
pymatgen/io/cp2k/sets.py/activate_nonperiodic,4,3,1,75.00%
pymatgen/io/cp2k/sets.py/create_subsys,5,5,0,100.00%
pymatgen/io/cp2k/sets.py/modify_dft_print_iters,5,2,3,40.00%
pymatgen/io/cp2k/sets.py/validate,4,4,0,100.00%
pymatgen/io/cp2k/sets.py/StaticSet,4,2,2,50.00%
pymatgen/io/cp2k/sets.py/__init__,10,9,1,90.00%
pymatgen/io/cp2k/sets.py/RelaxSet,5,4,1,80.00%
pymatgen/io/cp2k/sets.py/__init__,14,13,1,92.86%
pymatgen/io/cp2k/sets.py/CellOptSet,4,4,0,100.00%
pymatgen/io/cp2k/sets.py/__init__,19,17,2,89.47%
pymatgen/io/cp2k/sets.py/HybridStaticSet,5,4,1,80.00%
pymatgen/io/cp2k/sets.py/__init__,24,21,3,87.50%
pymatgen/io/cp2k/sets.py/HybridRelaxSet,5,3,2,60.00%
pymatgen/io/cp2k/sets.py/__init__,29,25,4,86.21%
pymatgen/io/cp2k/sets.py/HybridCellOptSet,4,3,1,75.00%
pymatgen/io/cp2k/sets.py/__init__,34,28,6,82.35%
pymatgen/io/cp2k/sets.py/Cp2kValidationError,4,3,1,75.00%
pymatgen/io/cp2k/sets.py/__init__,38,30,8,78.95%
pymatgen/io/cp2k/outputs.py/Cp2kOutput,5,5,0,100.00%
pymatgen/io/cp2k/outputs.py/__init__,5,5,0,100.00%
pymatgen/io/cp2k/outputs.py/cp2k_version,4,2,2,50.00%
pymatgen/io/cp2k/outputs.py/completed,5,3,2,60.00%
pymatgen/io/cp2k/outputs.py/num_warnings,5,5,0,100.00%
pymatgen/io/cp2k/outputs.py/run_type,5,4,1,80.00%
pymatgen/io/cp2k/outputs.py/calculation_type,5,5,0,100.00%
pymatgen/io/cp2k/outputs.py/project_name,4,4,0,100.00%
pymatgen/io/cp2k/outputs.py/spin_polarized,5,5,0,100.00%
pymatgen/io/cp2k/outputs.py/charge,4,3,1,75.00%
pymatgen/io/cp2k/outputs.py/multiplicity,5,4,1,80.00%
pymatgen/io/cp2k/outputs.py/is_molecule,5,5,0,100.00%
pymatgen/io/cp2k/outputs.py/is_metal,5,5,0,100.00%
pymatgen/io/cp2k/outputs.py/is_hubbard,5,3,2,60.00%
pymatgen/io/cp2k/outputs.py/parse_files,5,5,0,100.00%
pymatgen/io/cp2k/outputs.py/parse_structures,5,3,2,60.00%
pymatgen/io/cp2k/outputs.py/parse_initial_structure,5,4,1,80.00%
pymatgen/io/cp2k/outputs.py/ran_successfully,5,5,0,100.00%
pymatgen/io/cp2k/outputs.py/convergence,5,5,0,100.00%
pymatgen/io/cp2k/outputs.py/parse_energies,5,5,0,100.00%
pymatgen/io/cp2k/outputs.py/parse_forces,5,3,2,60.00%
pymatgen/io/cp2k/outputs.py/parse_stresses,5,5,0,100.00%
pymatgen/io/cp2k/outputs.py/chunks,4,3,1,75.00%
pymatgen/io/cp2k/outputs.py/parse_ionic_steps,5,2,3,40.00%
pymatgen/io/cp2k/outputs.py/parse_cp2k_params,4,3,1,75.00%
pymatgen/io/cp2k/outputs.py/parse_plus_u_params,4,4,0,100.00%
pymatgen/io/cp2k/outputs.py/parse_input,5,4,1,80.00%
pymatgen/io/cp2k/outputs.py/parse_global_params,5,3,2,60.00%
pymatgen/io/cp2k/outputs.py/parse_dft_params,5,4,1,80.00%
pymatgen/io/cp2k/outputs.py/parse_qs_params,5,5,0,100.00%
pymatgen/io/cp2k/outputs.py/parse_overlap_condition,5,5,0,100.00%
pymatgen/io/cp2k/outputs.py/parse_scf_params,5,5,0,100.00%
pymatgen/io/cp2k/outputs.py/parse_cell_params,5,4,1,80.00%
pymatgen/io/cp2k/outputs.py/parse_atomic_kind_info,5,4,1,80.00%
pymatgen/io/cp2k/outputs.py/parse_total_numbers,5,3,2,60.00%
pymatgen/io/cp2k/outputs.py/parse_scf_opt,5,5,0,100.00%
pymatgen/io/cp2k/outputs.py/parse_timing,5,4,1,80.00%
pymatgen/io/cp2k/outputs.py/parse_opt_steps,4,3,1,75.00%
pymatgen/io/cp2k/outputs.py/parse_mulliken,5,4,1,80.00%
pymatgen/io/cp2k/outputs.py/parse_hirshfeld,5,5,0,100.00%
pymatgen/io/cp2k/outputs.py/parse_mo_eigenvalues,5,4,1,80.00%
pymatgen/io/cp2k/outputs.py/parse_homo_lumo,5,3,2,60.00%
pymatgen/io/cp2k/outputs.py/parse_dos,5,3,2,60.00%
pymatgen/io/cp2k/outputs.py/complete_dos,4,4,0,100.00%
pymatgen/io/cp2k/outputs.py/band_structure,5,4,1,80.00%
pymatgen/io/cp2k/outputs.py/parse_bandstructure,5,3,2,60.00%
pymatgen/io/cp2k/outputs.py/parse_hyperfine,5,3,2,60.00%
pymatgen/io/cp2k/outputs.py/parse_gtensor,5,3,2,60.00%
pymatgen/io/cp2k/outputs.py/parse_chi_tensor,5,4,1,80.00%
pymatgen/io/cp2k/outputs.py/parse_nmr_shift,5,5,0,100.00%
pymatgen/io/cp2k/outputs.py/parse_tddfpt,5,5,0,100.00%
pymatgen/io/cp2k/outputs.py/parse_raman,3,2,1,66.67%
pymatgen/io/cp2k/outputs.py/_gauss_smear,5,5,0,100.00%
pymatgen/io/cp2k/outputs.py/read_pattern,5,5,0,100.00%
pymatgen/io/cp2k/outputs.py/read_table_pattern,5,3,2,60.00%
pymatgen/io/cp2k/outputs.py/as_dict,4,4,0,100.00%
pymatgen/io/cp2k/outputs.py/parse_energy_file,5,3,2,60.00%
pymatgen/io/cp2k/outputs.py/parse_dos,10,8,2,80.00%
pymatgen/io/cp2k/outputs.py/parse_pdos,5,3,2,60.00%
pymatgen/io/cp2k/outputs.py/cp2k_to_pmg_labels,5,3,2,60.00%
pymatgen/io/abinit/abiobjects.py/lattice_from_abivars,5,4,1,80.00%
pymatgen/io/abinit/abiobjects.py/structure_from_abivars,5,3,2,60.00%
pymatgen/io/abinit/abiobjects.py/species_by_znucl,5,4,1,80.00%
pymatgen/io/abinit/abiobjects.py/structure_to_abivars,5,3,2,60.00%
pymatgen/io/abinit/abiobjects.py/contract,5,3,2,60.00%
pymatgen/io/abinit/abiobjects.py/AbivarAble,5,4,1,80.00%
pymatgen/io/abinit/abiobjects.py/to_abivars,4,4,0,100.00%
pymatgen/io/abinit/abiobjects.py/__str__,4,4,0,100.00%
pymatgen/io/abinit/abiobjects.py/__contains__,5,4,1,80.00%
pymatgen/io/abinit/abiobjects.py/MandatoryVariable,4,2,2,50.00%
pymatgen/io/abinit/abiobjects.py/as_dict,5,3,2,60.00%
pymatgen/io/abinit/abiobjects.py/DefaultVariable,5,4,1,80.00%
pymatgen/io/abinit/abiobjects.py/SpinMode,5,5,0,100.00%
pymatgen/io/abinit/abiobjects.py/as_spinmode,5,4,1,80.00%
pymatgen/io/abinit/abiobjects.py/to_abivars,9,9,0,100.00%
pymatgen/io/abinit/abiobjects.py/as_dict,10,8,2,80.00%
pymatgen/io/abinit/abiobjects.py/from_dict,4,4,0,100.00%
pymatgen/io/abinit/abiobjects.py/Smearing,5,4,1,80.00%
pymatgen/io/abinit/abiobjects.py/__init__,5,3,2,60.00%
pymatgen/io/abinit/abiobjects.py/__str__,9,8,1,88.89%
pymatgen/io/abinit/abiobjects.py/__eq__,5,2,3,40.00%
pymatgen/io/abinit/abiobjects.py/__bool__,5,4,1,80.00%
pymatgen/io/abinit/abiobjects.py/as_smearing,5,2,3,40.00%
pymatgen/io/abinit/abiobjects.py/mode,5,3,2,60.00%
pymatgen/io/abinit/abiobjects.py/nosmearing,4,3,1,75.00%
pymatgen/io/abinit/abiobjects.py/to_abivars,14,14,0,100.00%
pymatgen/io/abinit/abiobjects.py/as_dict,14,12,2,85.71%
pymatgen/io/abinit/abiobjects.py/from_dict,8,8,0,100.00%
pymatgen/io/abinit/abiobjects.py/ElectronsAlgorithm,5,5,0,100.00%
pymatgen/io/abinit/abiobjects.py/__init__,9,7,2,77.78%
pymatgen/io/abinit/abiobjects.py/to_abivars,19,17,2,89.47%
pymatgen/io/abinit/abiobjects.py/as_dict,19,16,3,84.21%
pymatgen/io/abinit/abiobjects.py/from_dict,13,12,1,92.31%
pymatgen/io/abinit/abiobjects.py/Electrons,5,4,1,80.00%
pymatgen/io/abinit/abiobjects.py/__init__,14,11,3,78.57%
pymatgen/io/abinit/abiobjects.py/nsppol,4,4,0,100.00%
pymatgen/io/abinit/abiobjects.py/nspinor,5,5,0,100.00%
pymatgen/io/abinit/abiobjects.py/nspden,4,4,0,100.00%
pymatgen/io/abinit/abiobjects.py/as_dict,24,21,3,87.50%
pymatgen/io/abinit/abiobjects.py/from_dict,18,17,1,94.44%
pymatgen/io/abinit/abiobjects.py/to_abivars,24,20,4,83.33%
pymatgen/io/abinit/abiobjects.py/KSamplingModes,5,2,3,40.00%
pymatgen/io/abinit/abiobjects.py/KSampling,5,5,0,100.00%
pymatgen/io/abinit/abiobjects.py/__init__,19,15,4,78.95%
pymatgen/io/abinit/abiobjects.py/is_homogeneous,5,4,1,80.00%
pymatgen/io/abinit/abiobjects.py/gamma_only,4,3,1,75.00%
pymatgen/io/abinit/abiobjects.py/gamma_centered,5,4,1,80.00%
pymatgen/io/abinit/abiobjects.py/monkhorst,4,4,0,100.00%
pymatgen/io/abinit/abiobjects.py/monkhorst_automatic,5,5,0,100.00%
pymatgen/io/abinit/abiobjects.py/_path,4,4,0,100.00%
pymatgen/io/abinit/abiobjects.py/path_from_structure,5,5,0,100.00%
pymatgen/io/abinit/abiobjects.py/explicit_path,5,4,1,80.00%
pymatgen/io/abinit/abiobjects.py/automatic_density,5,4,1,80.00%
pymatgen/io/abinit/abiobjects.py/to_abivars,28,24,4,85.71%
pymatgen/io/abinit/abiobjects.py/as_dict,29,26,3,89.66%
pymatgen/io/abinit/abiobjects.py/from_dict,23,22,1,95.65%
pymatgen/io/abinit/abiobjects.py/Constraints,5,5,0,100.00%
pymatgen/io/abinit/abiobjects.py/to_abivars,32,28,4,87.50%
pymatgen/io/abinit/abiobjects.py/RelaxationMethod,5,3,2,60.00%
pymatgen/io/abinit/abiobjects.py/__init__,24,20,4,83.33%
pymatgen/io/abinit/abiobjects.py/atoms_only,5,4,1,80.00%
pymatgen/io/abinit/abiobjects.py/atoms_and_cell,5,4,1,80.00%
pymatgen/io/abinit/abiobjects.py/move_atoms,5,4,1,80.00%
pymatgen/io/abinit/abiobjects.py/move_cell,5,4,1,80.00%
pymatgen/io/abinit/abiobjects.py/to_abivars,37,32,5,86.49%
pymatgen/io/abinit/abiobjects.py/as_dict,33,30,3,90.91%
pymatgen/io/abinit/abiobjects.py/from_dict,28,26,2,92.86%
pymatgen/io/abinit/abiobjects.py/PPModelModes,5,3,2,60.00%
pymatgen/io/abinit/abiobjects.py/PPModel,5,3,2,60.00%
pymatgen/io/abinit/abiobjects.py/as_ppmodel,5,2,3,40.00%
pymatgen/io/abinit/abiobjects.py/__init__,29,23,6,79.31%
pymatgen/io/abinit/abiobjects.py/__eq__,10,7,3,70.00%
pymatgen/io/abinit/abiobjects.py/__bool__,9,8,1,88.89%
pymatgen/io/abinit/abiobjects.py/__repr__,5,4,1,80.00%
pymatgen/io/abinit/abiobjects.py/to_abivars,41,36,5,87.80%
pymatgen/io/abinit/abiobjects.py/get_noppmodel,5,5,0,100.00%
pymatgen/io/abinit/abiobjects.py/as_dict,38,35,3,92.11%
pymatgen/io/abinit/abiobjects.py/from_dict,33,31,2,93.94%
pymatgen/io/abinit/abiobjects.py/HilbertTransform,5,5,0,100.00%
pymatgen/io/abinit/abiobjects.py/__init__,34,27,7,79.41%
pymatgen/io/abinit/abiobjects.py/to_abivars,46,41,5,89.13%
pymatgen/io/abinit/abiobjects.py/ModelDielectricFunction,5,4,1,80.00%
pymatgen/io/abinit/abiobjects.py/__init__,37,30,7,81.08%
pymatgen/io/abinit/abiobjects.py/to_abivars,51,46,5,90.20%
pymatgen/io/abinit/abiobjects.py/Screening,5,5,0,100.00%
pymatgen/io/abinit/abiobjects.py/__init__,42,34,8,80.95%
pymatgen/io/abinit/abiobjects.py/use_hilbert,4,4,0,100.00%
pymatgen/io/abinit/abiobjects.py/to_abivars,56,51,5,91.07%
pymatgen/io/abinit/abiobjects.py/SelfEnergy,5,5,0,100.00%
pymatgen/io/abinit/abiobjects.py/__init__,47,38,9,80.85%
pymatgen/io/abinit/abiobjects.py/use_ppmodel,5,5,0,100.00%
pymatgen/io/abinit/abiobjects.py/gwcalctyp,5,4,1,80.00%
pymatgen/io/abinit/abiobjects.py/symsigma,4,3,1,75.00%
pymatgen/io/abinit/abiobjects.py/to_abivars,60,54,6,90.00%
pymatgen/io/abinit/abiobjects.py/ExcHamiltonian,5,4,1,80.00%
pymatgen/io/abinit/abiobjects.py/__init__,52,43,9,82.69%
pymatgen/io/abinit/abiobjects.py/inclvkb,4,3,1,75.00%
pymatgen/io/abinit/abiobjects.py/use_haydock,5,5,0,100.00%
pymatgen/io/abinit/abiobjects.py/use_cg,4,1,3,25.00%
pymatgen/io/abinit/abiobjects.py/use_direct_diago,4,3,1,75.00%
pymatgen/io/abinit/abiobjects.py/to_abivars,65,58,7,89.23%
pymatgen/io/abinit/abitimer.py/alternate,4,3,1,75.00%
pymatgen/io/abinit/abitimer.py/AbinitTimerParseError,4,3,1,75.00%
pymatgen/io/abinit/abitimer.py/AbinitTimerParser,5,4,1,80.00%
pymatgen/io/abinit/abitimer.py/walk,5,5,0,100.00%
pymatgen/io/abinit/abitimer.py/__init__,4,3,1,75.00%
pymatgen/io/abinit/abitimer.py/__iter__,5,5,0,100.00%
pymatgen/io/abinit/abitimer.py/__len__,4,4,0,100.00%
pymatgen/io/abinit/abitimer.py/filenames,4,4,0,100.00%
pymatgen/io/abinit/abitimer.py/parse,5,4,1,80.00%
pymatgen/io/abinit/abitimer.py/_read,5,5,0,100.00%
pymatgen/io/abinit/abitimer.py/parse_line,4,2,2,50.00%
pymatgen/io/abinit/abitimer.py/timers,5,3,2,60.00%
pymatgen/io/abinit/abitimer.py/section_names,5,3,2,60.00%
pymatgen/io/abinit/abitimer.py/get_sections,5,1,4,20.00%
pymatgen/io/abinit/abitimer.py/pefficiency,5,4,1,80.00%
pymatgen/io/abinit/abitimer.py/summarize,5,4,1,80.00%
pymatgen/io/abinit/abitimer.py/plot_efficiency,5,4,1,80.00%
pymatgen/io/abinit/abitimer.py/plot_pie,4,3,1,75.00%
pymatgen/io/abinit/abitimer.py/plot_stacked_hist,5,4,1,80.00%
pymatgen/io/abinit/abitimer.py/plot_all,5,5,0,100.00%
pymatgen/io/abinit/abitimer.py/ParallelEfficiency,5,5,0,100.00%
pymatgen/io/abinit/abitimer.py/__init__,8,7,1,87.50%
pymatgen/io/abinit/abitimer.py/_order_by_peff,5,3,2,60.00%
pymatgen/io/abinit/abitimer.py/totable,5,3,2,60.00%
pymatgen/io/abinit/abitimer.py/good_sections,5,3,2,60.00%
pymatgen/io/abinit/abitimer.py/bad_sections,5,5,0,100.00%
pymatgen/io/abinit/abitimer.py/AbinitTimerSection,5,5,0,100.00%
pymatgen/io/abinit/abitimer.py/fake,4,3,1,75.00%
pymatgen/io/abinit/abitimer.py/__init__,13,12,1,92.31%
pymatgen/io/abinit/abitimer.py/to_tuple,4,4,0,100.00%
pymatgen/io/abinit/abitimer.py/to_dict,4,4,0,100.00%
pymatgen/io/abinit/abitimer.py/to_csvline,4,3,1,75.00%
pymatgen/io/abinit/abitimer.py/__str__,5,3,2,60.00%
pymatgen/io/abinit/abitimer.py/AbinitTimer,5,4,1,80.00%
pymatgen/io/abinit/abitimer.py/__init__,18,16,2,88.89%
pymatgen/io/abinit/abitimer.py/__repr__,5,4,1,80.00%
pymatgen/io/abinit/abitimer.py/ncpus,5,5,0,100.00%
pymatgen/io/abinit/abitimer.py/get_section,4,3,1,75.00%
pymatgen/io/abinit/abitimer.py/to_csv,4,4,0,100.00%
pymatgen/io/abinit/abitimer.py/to_table,5,5,0,100.00%
pymatgen/io/abinit/abitimer.py/get_dataframe,4,3,1,75.00%
pymatgen/io/abinit/abitimer.py/get_values,5,3,2,60.00%
pymatgen/io/abinit/abitimer.py/names_and_values,5,2,3,40.00%
pymatgen/io/abinit/abitimer.py/_reduce_sections,4,4,0,100.00%
pymatgen/io/abinit/abitimer.py/sum_sections,4,4,0,100.00%
pymatgen/io/abinit/abitimer.py/order_sections,5,5,0,100.00%
pymatgen/io/abinit/abitimer.py/cpuwall_histogram,5,4,1,80.00%
pymatgen/io/abinit/abitimer.py/pie,4,4,0,100.00%
pymatgen/io/abinit/abitimer.py/scatter_hist,5,5,0,100.00%
pymatgen/io/abinit/variable.py/InputVariable,5,5,0,100.00%
pymatgen/io/abinit/variable.py/__init__,5,3,2,60.00%
pymatgen/io/abinit/variable.py/get_value,5,2,3,40.00%
pymatgen/io/abinit/variable.py/name,5,5,0,100.00%
pymatgen/io/abinit/variable.py/basename,4,2,2,50.00%
pymatgen/io/abinit/variable.py/dataset,4,3,1,75.00%
pymatgen/io/abinit/variable.py/units,5,4,1,80.00%
pymatgen/io/abinit/variable.py/__str__,5,4,1,80.00%
pymatgen/io/abinit/variable.py/format_scalar,5,3,2,60.00%
pymatgen/io/abinit/variable.py/format_list2d,5,5,0,100.00%
pymatgen/io/abinit/variable.py/format_list,5,4,1,80.00%
pymatgen/io/abinit/variable.py/flatten,5,3,2,60.00%
pymatgen/io/abinit/netcdf.py/_as_reader,5,5,0,100.00%
pymatgen/io/abinit/netcdf.py/as_ncreader,5,4,1,80.00%
pymatgen/io/abinit/netcdf.py/as_etsfreader,5,5,0,100.00%
pymatgen/io/abinit/netcdf.py/NetcdfReaderError,4,3,1,75.00%
pymatgen/io/abinit/netcdf.py/NO_DEFAULT,4,4,0,100.00%
pymatgen/io/abinit/netcdf.py/NetcdfReader,5,5,0,100.00%
pymatgen/io/abinit/netcdf.py/__init__,4,3,1,75.00%
pymatgen/io/abinit/netcdf.py/__enter__,4,4,0,100.00%
pymatgen/io/abinit/netcdf.py/__exit__,5,5,0,100.00%
pymatgen/io/abinit/netcdf.py/close,4,4,0,100.00%
pymatgen/io/abinit/netcdf.py/walk_tree,5,5,0,100.00%
pymatgen/io/abinit/netcdf.py/print_tree,5,4,1,80.00%
pymatgen/io/abinit/netcdf.py/read_dimvalue,4,4,0,100.00%
pymatgen/io/abinit/netcdf.py/read_varnames,5,5,0,100.00%
pymatgen/io/abinit/netcdf.py/read_value,5,3,2,60.00%
pymatgen/io/abinit/netcdf.py/read_variable,4,3,1,75.00%
pymatgen/io/abinit/netcdf.py/_read_dimensions,5,4,1,80.00%
pymatgen/io/abinit/netcdf.py/_read_variables,5,3,2,60.00%
pymatgen/io/abinit/netcdf.py/read_keys,4,2,2,50.00%
pymatgen/io/abinit/netcdf.py/EtsfReader,5,5,0,100.00%
pymatgen/io/abinit/netcdf.py/chemical_symbols,5,3,2,60.00%
pymatgen/io/abinit/netcdf.py/type_idx_from_symbol,5,5,0,100.00%
pymatgen/io/abinit/netcdf.py/read_structure,4,3,1,75.00%
pymatgen/io/abinit/netcdf.py/read_abinit_xcfunc,5,5,0,100.00%
pymatgen/io/abinit/netcdf.py/read_abinit_hdr,5,4,1,80.00%
pymatgen/io/abinit/netcdf.py/structure_from_ncdata,5,4,1,80.00%
pymatgen/io/abinit/netcdf.py/_H,5,5,0,100.00%
pymatgen/io/abinit/netcdf.py/__init__,9,8,1,88.89%
pymatgen/io/abinit/netcdf.py/AbinitHeader,5,5,0,100.00%
pymatgen/io/abinit/netcdf.py/__str__,4,3,1,75.00%
pymatgen/io/abinit/netcdf.py/to_str,5,5,0,100.00%
pymatgen/io/abinit/inputs.py/T,4,4,0,100.00%
pymatgen/io/abinit/inputs.py/as_structure,5,3,2,60.00%
pymatgen/io/abinit/inputs.py/ShiftMode,5,4,1,80.00%
pymatgen/io/abinit/inputs.py/from_object,5,3,2,60.00%
pymatgen/io/abinit/inputs.py/_stopping_criterion,5,4,1,80.00%
pymatgen/io/abinit/inputs.py/_find_ecut_pawecutdg,5,5,0,100.00%
pymatgen/io/abinit/inputs.py/_find_scf_nband,4,3,1,75.00%
pymatgen/io/abinit/inputs.py/_get_shifts,5,4,1,80.00%
pymatgen/io/abinit/inputs.py/gs_input,5,5,0,100.00%
pymatgen/io/abinit/inputs.py/ebands_input,5,4,1,80.00%
pymatgen/io/abinit/inputs.py/ion_ioncell_relax_input,5,5,0,100.00%
pymatgen/io/abinit/inputs.py/calc_shiftk,5,5,0,100.00%
pymatgen/io/abinit/inputs.py/num_valence_electrons,5,5,0,100.00%
pymatgen/io/abinit/inputs.py/AbstractInput,5,5,0,100.00%
pymatgen/io/abinit/inputs.py/__delitem__,5,4,1,80.00%
pymatgen/io/abinit/inputs.py/__getitem__,5,5,0,100.00%
pymatgen/io/abinit/inputs.py/__iter__,5,5,0,100.00%
pymatgen/io/abinit/inputs.py/__len__,5,5,0,100.00%
pymatgen/io/abinit/inputs.py/__setitem__,5,5,0,100.00%
pymatgen/io/abinit/inputs.py/__repr__,5,5,0,100.00%
pymatgen/io/abinit/inputs.py/__str__,5,5,0,100.00%
pymatgen/io/abinit/inputs.py/write,4,3,1,75.00%
pymatgen/io/abinit/inputs.py/deepcopy,4,4,0,100.00%
pymatgen/io/abinit/inputs.py/set_vars,5,4,1,80.00%
pymatgen/io/abinit/inputs.py/set_vars_ifnotin,5,4,1,80.00%
pymatgen/io/abinit/inputs.py/pop_vars,5,4,1,80.00%
pymatgen/io/abinit/inputs.py/remove_vars,5,4,1,80.00%
pymatgen/io/abinit/inputs.py/vars,5,5,0,100.00%
pymatgen/io/abinit/inputs.py/_check_varname,5,4,1,80.00%
pymatgen/io/abinit/inputs.py/to_str,5,5,0,100.00%
pymatgen/io/abinit/inputs.py/BasicAbinitInputError,5,5,0,100.00%
pymatgen/io/abinit/inputs.py/BasicAbinitInput,5,4,1,80.00%
pymatgen/io/abinit/inputs.py/__init__,5,4,1,80.00%
pymatgen/io/abinit/inputs.py/as_dict,5,5,0,100.00%
pymatgen/io/abinit/inputs.py/vars,9,8,1,88.89%
pymatgen/io/abinit/inputs.py/from_dict,5,3,2,60.00%
pymatgen/io/abinit/inputs.py/add_abiobjects,5,5,0,100.00%
pymatgen/io/abinit/inputs.py/__setitem__,9,9,0,100.00%
pymatgen/io/abinit/inputs.py/_check_varname,9,8,1,88.89%
pymatgen/io/abinit/inputs.py/to_str,10,10,0,100.00%
pymatgen/io/abinit/inputs.py/comment,4,4,0,100.00%
pymatgen/io/abinit/inputs.py/set_comment,5,5,0,100.00%
pymatgen/io/abinit/inputs.py/structure,5,4,1,80.00%
pymatgen/io/abinit/inputs.py/set_structure,5,5,0,100.00%
pymatgen/io/abinit/inputs.py/set_kmesh,5,5,0,100.00%
pymatgen/io/abinit/inputs.py/set_gamma_sampling,4,3,1,75.00%
pymatgen/io/abinit/inputs.py/set_kpath,5,4,1,80.00%
pymatgen/io/abinit/inputs.py/set_spin_mode,5,3,2,60.00%
pymatgen/io/abinit/inputs.py/pseudos,4,4,0,100.00%
pymatgen/io/abinit/inputs.py/ispaw,5,2,3,40.00%
pymatgen/io/abinit/inputs.py/isnc,5,2,3,40.00%
pymatgen/io/abinit/inputs.py/new_with_vars,5,4,1,80.00%
pymatgen/io/abinit/inputs.py/pop_tolerances,4,3,1,75.00%
pymatgen/io/abinit/inputs.py/pop_irdvars,5,4,1,80.00%
pymatgen/io/abinit/inputs.py/BasicMultiDataset,5,4,1,80.00%
pymatgen/io/abinit/inputs.py/__init__,10,8,2,80.00%
pymatgen/io/abinit/inputs.py/from_inputs,5,5,0,100.00%
pymatgen/io/abinit/inputs.py/replicate_input,5,5,0,100.00%
pymatgen/io/abinit/inputs.py/ndtset,4,4,0,100.00%
pymatgen/io/abinit/inputs.py/pseudos,9,7,2,77.78%
pymatgen/io/abinit/inputs.py/ispaw,10,4,6,40.00%
pymatgen/io/abinit/inputs.py/isnc,9,5,4,55.56%
pymatgen/io/abinit/inputs.py/__len__,9,9,0,100.00%
pymatgen/io/abinit/inputs.py/__getitem__,10,10,0,100.00%
pymatgen/io/abinit/inputs.py/__iter__,10,10,0,100.00%
pymatgen/io/abinit/inputs.py/__getattr__,5,5,0,100.00%
pymatgen/io/abinit/inputs.py/on_all,5,3,2,60.00%
pymatgen/io/abinit/inputs.py/__add__,5,4,1,80.00%
pymatgen/io/abinit/inputs.py/__radd__,5,4,1,80.00%
pymatgen/io/abinit/inputs.py/append,4,4,0,100.00%
pymatgen/io/abinit/inputs.py/extend,5,5,0,100.00%
pymatgen/io/abinit/inputs.py/addnew_from,5,5,0,100.00%
pymatgen/io/abinit/inputs.py/split_datasets,4,2,2,50.00%
pymatgen/io/abinit/inputs.py/deepcopy,9,9,0,100.00%
pymatgen/io/abinit/inputs.py/has_same_structures,5,5,0,100.00%
pymatgen/io/abinit/inputs.py/__str__,9,8,1,88.89%
pymatgen/io/abinit/inputs.py/to_str,14,13,1,92.86%
pymatgen/io/abinit/inputs.py/has_same_variable,5,3,2,60.00%
pymatgen/io/abinit/inputs.py/write,9,6,3,66.67%
pymatgen/io/abinit/pseudos.py/_read_nlines,5,5,0,100.00%
pymatgen/io/abinit/pseudos.py/l2str,5,4,1,80.00%
pymatgen/io/abinit/pseudos.py/str2l,5,3,2,60.00%
pymatgen/io/abinit/pseudos.py/Pseudo,5,4,1,80.00%
pymatgen/io/abinit/pseudos.py/as_pseudo,4,4,0,100.00%
pymatgen/io/abinit/pseudos.py/from_file,4,3,1,75.00%
pymatgen/io/abinit/pseudos.py/__eq__,4,2,2,50.00%
pymatgen/io/abinit/pseudos.py/__repr__,5,4,1,80.00%
pymatgen/io/abinit/pseudos.py/__str__,4,2,2,50.00%
pymatgen/io/abinit/pseudos.py/to_str,5,4,1,80.00%
pymatgen/io/abinit/pseudos.py/summary,4,3,1,75.00%
pymatgen/io/abinit/pseudos.py/filepath,5,4,1,80.00%
pymatgen/io/abinit/pseudos.py/basename,5,3,2,60.00%
pymatgen/io/abinit/pseudos.py/Z,4,4,0,100.00%
pymatgen/io/abinit/pseudos.py/Z_val,5,3,2,60.00%
pymatgen/io/abinit/pseudos.py/type,5,5,0,100.00%
pymatgen/io/abinit/pseudos.py/element,5,4,1,80.00%
pymatgen/io/abinit/pseudos.py/symbol,4,4,0,100.00%
pymatgen/io/abinit/pseudos.py/l_max,5,3,2,60.00%
pymatgen/io/abinit/pseudos.py/l_local,4,3,1,75.00%
pymatgen/io/abinit/pseudos.py/isnc,5,5,0,100.00%
pymatgen/io/abinit/pseudos.py/ispaw,5,5,0,100.00%
pymatgen/io/abinit/pseudos.py/md5,5,4,1,80.00%
pymatgen/io/abinit/pseudos.py/compute_md5,4,4,0,100.00%
pymatgen/io/abinit/pseudos.py/supports_soc,5,5,0,100.00%
pymatgen/io/abinit/pseudos.py/as_dict,5,5,0,100.00%
pymatgen/io/abinit/pseudos.py/from_dict,5,4,1,80.00%
pymatgen/io/abinit/pseudos.py/as_tmpfile,5,4,1,80.00%
pymatgen/io/abinit/pseudos.py/has_dojo_report,4,4,0,100.00%
pymatgen/io/abinit/pseudos.py/djrepo_path,5,3,2,60.00%
pymatgen/io/abinit/pseudos.py/hint_for_accuracy,5,1,4,20.00%
pymatgen/io/abinit/pseudos.py/has_hints,5,4,1,80.00%
pymatgen/io/abinit/pseudos.py/open_pspsfile,5,4,1,80.00%
pymatgen/io/abinit/pseudos.py/NcPseudo,5,4,1,80.00%
pymatgen/io/abinit/pseudos.py/nlcc_radius,4,3,1,75.00%
pymatgen/io/abinit/pseudos.py/has_nlcc,5,5,0,100.00%
pymatgen/io/abinit/pseudos.py/rcore,5,4,1,80.00%
pymatgen/io/abinit/pseudos.py/PawPseudo,5,3,2,60.00%
pymatgen/io/abinit/pseudos.py/paw_radius,4,3,1,75.00%
pymatgen/io/abinit/pseudos.py/rcore,10,8,2,80.00%
pymatgen/io/abinit/pseudos.py/AbinitPseudo,5,5,0,100.00%
pymatgen/io/abinit/pseudos.py/__init__,5,5,0,100.00%
pymatgen/io/abinit/pseudos.py/summary,9,6,3,66.67%
pymatgen/io/abinit/pseudos.py/Z,9,9,0,100.00%
pymatgen/io/abinit/pseudos.py/Z_val,10,6,4,60.00%
pymatgen/io/abinit/pseudos.py/l_max,9,7,2,77.78%
pymatgen/io/abinit/pseudos.py/l_local,8,7,1,87.50%
pymatgen/io/abinit/pseudos.py/supports_soc,10,9,1,90.00%
pymatgen/io/abinit/pseudos.py/NcAbinitPseudo,5,3,2,60.00%
pymatgen/io/abinit/pseudos.py/summary,14,11,3,78.57%
pymatgen/io/abinit/pseudos.py/Z,14,14,0,100.00%
pymatgen/io/abinit/pseudos.py/Z_val,14,10,4,71.43%
pymatgen/io/abinit/pseudos.py/l_max,14,11,3,78.57%
pymatgen/io/abinit/pseudos.py/l_local,12,11,1,91.67%
pymatgen/io/abinit/pseudos.py/nlcc_radius,9,8,1,88.89%
pymatgen/io/abinit/pseudos.py/PawAbinitPseudo,5,4,1,80.00%
pymatgen/io/abinit/pseudos.py/paw_radius,8,5,3,62.50%
pymatgen/io/abinit/pseudos.py/supports_soc,15,13,2,86.67%
pymatgen/io/abinit/pseudos.py/Hint,5,4,1,80.00%
pymatgen/io/abinit/pseudos.py/__init__,9,8,1,88.89%
pymatgen/io/abinit/pseudos.py/__str__,8,4,4,50.00%
pymatgen/io/abinit/pseudos.py/as_dict,10,10,0,100.00%
pymatgen/io/abinit/pseudos.py/from_dict,9,8,1,88.89%
pymatgen/io/abinit/pseudos.py/_dict_from_lines,5,3,2,60.00%
pymatgen/io/abinit/pseudos.py/AbinitHeader,5,4,1,80.00%
pymatgen/io/abinit/pseudos.py/__getattr__,5,4,1,80.00%
pymatgen/io/abinit/pseudos.py/_int_from_str,5,3,2,60.00%
pymatgen/io/abinit/pseudos.py/NcAbinitHeader,5,5,0,100.00%
pymatgen/io/abinit/pseudos.py/__init__,14,12,2,85.71%
pymatgen/io/abinit/pseudos.py/fhi_header,5,5,0,100.00%
pymatgen/io/abinit/pseudos.py/hgh_header,5,4,1,80.00%
pymatgen/io/abinit/pseudos.py/gth_header,5,4,1,80.00%
pymatgen/io/abinit/pseudos.py/oncvpsp_header,5,3,2,60.00%
pymatgen/io/abinit/pseudos.py/tm_header,5,4,1,80.00%
pymatgen/io/abinit/pseudos.py/PawAbinitHeader,5,5,0,100.00%
pymatgen/io/abinit/pseudos.py/__init__,19,17,2,89.47%
pymatgen/io/abinit/pseudos.py/paw_header,5,2,3,40.00%
pymatgen/io/abinit/pseudos.py/PseudoParseError,4,4,0,100.00%
pymatgen/io/abinit/pseudos.py/PseudoParser,5,5,0,100.00%
pymatgen/io/abinit/pseudos.py/ppdesc,4,1,3,25.00%
pymatgen/io/abinit/pseudos.py/__init__,24,22,2,91.67%
pymatgen/io/abinit/pseudos.py/scan_directory,5,5,0,100.00%
pymatgen/io/abinit/pseudos.py/read_ppdesc,5,4,1,80.00%
pymatgen/io/abinit/pseudos.py/parse,5,5,0,100.00%
pymatgen/io/abinit/pseudos.py/RadialFunction,5,3,2,60.00%
pymatgen/io/abinit/pseudos.py/PawXmlSetup,5,5,0,100.00%
pymatgen/io/abinit/pseudos.py/__init__,29,27,2,93.10%
pymatgen/io/abinit/pseudos.py/__getstate__,5,5,0,100.00%
pymatgen/io/abinit/pseudos.py/root,4,4,0,100.00%
pymatgen/io/abinit/pseudos.py/Z,19,19,0,100.00%
pymatgen/io/abinit/pseudos.py/Z_val,18,14,4,77.78%
pymatgen/io/abinit/pseudos.py/l_max,19,14,5,73.68%
pymatgen/io/abinit/pseudos.py/l_local,17,14,3,82.35%
pymatgen/io/abinit/pseudos.py/summary,18,13,5,72.22%
pymatgen/io/abinit/pseudos.py/paw_radius,12,8,4,66.67%
pymatgen/io/abinit/pseudos.py/supports_soc,19,17,2,89.47%
pymatgen/io/abinit/pseudos.py/_eval_grid,5,4,1,80.00%
pymatgen/io/abinit/pseudos.py/_parse_radfunc,5,3,2,60.00%
pymatgen/io/abinit/pseudos.py/_parse_all_radfuncs,5,5,0,100.00%
pymatgen/io/abinit/pseudos.py/ae_core_density,5,5,0,100.00%
pymatgen/io/abinit/pseudos.py/pseudo_core_density,4,4,0,100.00%
pymatgen/io/abinit/pseudos.py/ae_partial_waves,5,3,2,60.00%
pymatgen/io/abinit/pseudos.py/pseudo_partial_waves,5,4,1,80.00%
pymatgen/io/abinit/pseudos.py/projector_functions,5,4,1,80.00%
pymatgen/io/abinit/pseudos.py/yield_figs,5,3,2,60.00%
pymatgen/io/abinit/pseudos.py/plot_densities,5,5,0,100.00%
pymatgen/io/abinit/pseudos.py/plot_waves,5,3,2,60.00%
pymatgen/io/abinit/pseudos.py/plot_projectors,5,5,0,100.00%
pymatgen/io/abinit/pseudos.py/PseudoTable,5,5,0,100.00%
pymatgen/io/abinit/pseudos.py/as_table,4,2,2,50.00%
pymatgen/io/abinit/pseudos.py/from_dir,5,3,2,60.00%
pymatgen/io/abinit/pseudos.py/__init__,34,31,3,91.18%
pymatgen/io/abinit/pseudos.py/__getitem__,5,3,2,60.00%
pymatgen/io/abinit/pseudos.py/__len__,5,5,0,100.00%
pymatgen/io/abinit/pseudos.py/__iter__,4,4,0,100.00%
pymatgen/io/abinit/pseudos.py/__repr__,9,8,1,88.89%
pymatgen/io/abinit/pseudos.py/__str__,12,8,4,66.67%
pymatgen/io/abinit/pseudos.py/allnc,5,3,2,60.00%
pymatgen/io/abinit/pseudos.py/allpaw,5,5,0,100.00%
pymatgen/io/abinit/pseudos.py/zlist,5,3,2,60.00%
pymatgen/io/abinit/pseudos.py/as_dict,15,15,0,100.00%
pymatgen/io/abinit/pseudos.py/from_dict,14,13,1,92.86%
pymatgen/io/abinit/pseudos.py/is_complete,5,4,1,80.00%
pymatgen/io/abinit/pseudos.py/all_combinations_for_elements,5,4,1,80.00%
pymatgen/io/abinit/pseudos.py/pseudo_with_symbol,5,4,1,80.00%
pymatgen/io/abinit/pseudos.py/pseudos_with_symbols,5,4,1,80.00%
pymatgen/io/abinit/pseudos.py/select_symbols,5,4,1,80.00%
pymatgen/io/abinit/pseudos.py/get_pseudos_for_structure,5,2,3,40.00%
pymatgen/io/abinit/pseudos.py/print_table,5,5,0,100.00%
pymatgen/io/abinit/pseudos.py/to_table,5,2,3,40.00%
pymatgen/io/abinit/pseudos.py/sorted,5,2,3,40.00%
pymatgen/io/abinit/pseudos.py/sort_by_z,5,4,1,80.00%
pymatgen/io/abinit/pseudos.py/select,5,5,0,100.00%
pymatgen/io/abinit/pseudos.py/with_dojo_report,4,2,2,50.00%
pymatgen/io/abinit/pseudos.py/select_rows,5,4,1,80.00%
pymatgen/io/abinit/pseudos.py/select_family,5,4,1,80.00%
pymatgen/io/vasp/inputs.py/Poscar,5,3,2,60.00%
pymatgen/io/vasp/inputs.py/__init__,5,4,1,80.00%
pymatgen/io/vasp/inputs.py/__setattr__,5,5,0,100.00%
pymatgen/io/vasp/inputs.py/__repr__,5,4,1,80.00%
pymatgen/io/vasp/inputs.py/__str__,4,4,0,100.00%
pymatgen/io/vasp/inputs.py/velocities,5,4,1,80.00%
pymatgen/io/vasp/inputs.py/selective_dynamics,5,4,1,80.00%
pymatgen/io/vasp/inputs.py/predictor_corrector,5,3,2,60.00%
pymatgen/io/vasp/inputs.py/predictor_corrector_preamble,5,3,2,60.00%
pymatgen/io/vasp/inputs.py/lattice_velocities,4,4,0,100.00%
pymatgen/io/vasp/inputs.py/velocities,10,8,2,80.00%
pymatgen/io/vasp/inputs.py/selective_dynamics,10,7,3,70.00%
pymatgen/io/vasp/inputs.py/predictor_corrector,9,5,4,55.56%
pymatgen/io/vasp/inputs.py/predictor_corrector_preamble,10,8,2,80.00%
pymatgen/io/vasp/inputs.py/lattice_velocities,9,7,2,77.78%
pymatgen/io/vasp/inputs.py/site_symbols,5,5,0,100.00%
pymatgen/io/vasp/inputs.py/natoms,5,5,0,100.00%
pymatgen/io/vasp/inputs.py/from_file,5,5,0,100.00%
pymatgen/io/vasp/inputs.py/from_str,5,2,3,40.00%
pymatgen/io/vasp/inputs.py/get_str,5,3,2,60.00%
pymatgen/io/vasp/inputs.py/write_file,5,5,0,100.00%
pymatgen/io/vasp/inputs.py/as_dict,5,5,0,100.00%
pymatgen/io/vasp/inputs.py/from_dict,5,4,1,80.00%
pymatgen/io/vasp/inputs.py/set_temperature,5,5,0,100.00%
pymatgen/io/vasp/inputs.py/BadPoscarWarning,4,3,1,75.00%
pymatgen/io/vasp/inputs.py/Incar,5,3,2,60.00%
pymatgen/io/vasp/inputs.py/__init__,10,8,2,80.00%
pymatgen/io/vasp/inputs.py/__setitem__,5,4,1,80.00%
pymatgen/io/vasp/inputs.py/__str__,8,6,2,75.00%
pymatgen/io/vasp/inputs.py/__add__,5,5,0,100.00%
pymatgen/io/vasp/inputs.py/as_dict,10,9,1,90.00%
pymatgen/io/vasp/inputs.py/from_dict,10,8,2,80.00%
pymatgen/io/vasp/inputs.py/copy,5,3,2,60.00%
pymatgen/io/vasp/inputs.py/get_str,10,8,2,80.00%
pymatgen/io/vasp/inputs.py/write_file,10,10,0,100.00%
pymatgen/io/vasp/inputs.py/from_file,9,8,1,88.89%
pymatgen/io/vasp/inputs.py/from_str,10,7,3,70.00%
pymatgen/io/vasp/inputs.py/proc_val,5,5,0,100.00%
pymatgen/io/vasp/inputs.py/smart_int_or_float,5,5,0,100.00%
pymatgen/io/vasp/inputs.py/diff,5,4,1,80.00%
pymatgen/io/vasp/inputs.py/check_params,5,5,0,100.00%
pymatgen/io/vasp/inputs.py/BadIncarWarning,5,4,1,80.00%
pymatgen/io/vasp/inputs.py/KpointsSupportedModes,5,3,2,60.00%
pymatgen/io/vasp/inputs.py/__str__,13,11,2,84.62%
pymatgen/io/vasp/inputs.py/from_str,15,12,3,80.00%
pymatgen/io/vasp/inputs.py/Kpoints,5,4,1,80.00%
pymatgen/io/vasp/inputs.py/__init__,15,11,4,73.33%
pymatgen/io/vasp/inputs.py/__eq__,5,5,0,100.00%
pymatgen/io/vasp/inputs.py/__repr__,10,7,3,70.00%
pymatgen/io/vasp/inputs.py/kpts,5,2,3,40.00%
pymatgen/io/vasp/inputs.py/kpts,9,6,3,66.67%
pymatgen/io/vasp/inputs.py/style,5,3,2,60.00%
pymatgen/io/vasp/inputs.py/style,10,7,3,70.00%
pymatgen/io/vasp/inputs.py/automatic,5,3,2,60.00%
pymatgen/io/vasp/inputs.py/gamma_automatic,5,3,2,60.00%
pymatgen/io/vasp/inputs.py/monkhorst_automatic,5,3,2,60.00%
pymatgen/io/vasp/inputs.py/automatic_density,4,3,1,75.00%
pymatgen/io/vasp/inputs.py/automatic_gamma_density,5,4,1,80.00%
pymatgen/io/vasp/inputs.py/automatic_density_by_vol,5,5,0,100.00%
pymatgen/io/vasp/inputs.py/automatic_density_by_lengths,5,4,1,80.00%
pymatgen/io/vasp/inputs.py/automatic_linemode,5,5,0,100.00%
pymatgen/io/vasp/inputs.py/copy,9,7,2,77.78%
pymatgen/io/vasp/inputs.py/from_file,14,13,1,92.86%
pymatgen/io/vasp/inputs.py/from_str,20,16,4,80.00%
pymatgen/io/vasp/inputs.py/write_file,14,12,2,85.71%
pymatgen/io/vasp/inputs.py/as_dict,15,14,1,93.33%
pymatgen/io/vasp/inputs.py/from_dict,15,12,3,80.00%
pymatgen/io/vasp/inputs.py/_parse_bool,5,5,0,100.00%
pymatgen/io/vasp/inputs.py/_parse_float,5,5,0,100.00%
pymatgen/io/vasp/inputs.py/_parse_int,5,3,2,60.00%
pymatgen/io/vasp/inputs.py/_parse_list,5,3,2,60.00%
pymatgen/io/vasp/inputs.py/Orbital,5,4,1,80.00%
pymatgen/io/vasp/inputs.py/OrbitalDescription,5,5,0,100.00%
pymatgen/io/vasp/inputs.py/PotcarSingle,5,4,1,80.00%
pymatgen/io/vasp/inputs.py/__init__,20,14,6,70.00%
pymatgen/io/vasp/inputs.py/__eq__,9,9,0,100.00%
pymatgen/io/vasp/inputs.py/__getattr__,5,5,0,100.00%
pymatgen/io/vasp/inputs.py/__str__,18,15,3,83.33%
pymatgen/io/vasp/inputs.py/__repr__,15,11,4,73.33%
pymatgen/io/vasp/inputs.py/electron_configuration,5,2,3,40.00%
pymatgen/io/vasp/inputs.py/element,5,4,1,80.00%
pymatgen/io/vasp/inputs.py/atomic_no,4,4,0,100.00%
pymatgen/io/vasp/inputs.py/nelectrons,5,2,3,40.00%
pymatgen/io/vasp/inputs.py/symbol,5,5,0,100.00%
pymatgen/io/vasp/inputs.py/potential_type,5,5,0,100.00%
pymatgen/io/vasp/inputs.py/functional,5,5,0,100.00%
pymatgen/io/vasp/inputs.py/functional_class,5,2,3,40.00%
pymatgen/io/vasp/inputs.py/hash_sha256_from_file,5,2,3,40.00%
pymatgen/io/vasp/inputs.py/sha256_computed_file_hash,5,5,0,100.00%
pymatgen/io/vasp/inputs.py/md5_computed_file_hash,5,3,2,60.00%
pymatgen/io/vasp/inputs.py/md5_header_hash,5,4,1,80.00%
pymatgen/io/vasp/inputs.py/is_valid,5,5,0,100.00%
pymatgen/io/vasp/inputs.py/parse_fortran_style_str,5,4,1,80.00%
pymatgen/io/vasp/inputs.py/data_stats,5,2,3,40.00%
pymatgen/io/vasp/inputs.py/write_file,18,15,3,83.33%
pymatgen/io/vasp/inputs.py/copy,14,11,3,78.57%
pymatgen/io/vasp/inputs.py/from_file,18,16,2,88.89%
pymatgen/io/vasp/inputs.py/from_symbol_and_functional,4,4,0,100.00%
pymatgen/io/vasp/inputs.py/verify_potcar,5,4,1,80.00%
pymatgen/io/vasp/inputs.py/identify_potcar,5,4,1,80.00%
pymatgen/io/vasp/inputs.py/identify_potcar_hash_based,5,3,2,60.00%
pymatgen/io/vasp/inputs.py/_gen_potcar_summary_stats,5,4,1,80.00%
pymatgen/io/vasp/inputs.py/Potcar,5,5,0,100.00%
pymatgen/io/vasp/inputs.py/__init__,25,18,7,72.00%
pymatgen/io/vasp/inputs.py/__str__,23,20,3,86.96%
pymatgen/io/vasp/inputs.py/__iter__,5,2,3,40.00%
pymatgen/io/vasp/inputs.py/symbols,5,5,0,100.00%
pymatgen/io/vasp/inputs.py/symbols,10,9,1,90.00%
pymatgen/io/vasp/inputs.py/spec,4,4,0,100.00%
pymatgen/io/vasp/inputs.py/as_dict,19,17,2,89.47%
pymatgen/io/vasp/inputs.py/from_dict,20,17,3,85.00%
pymatgen/io/vasp/inputs.py/from_file,23,20,3,86.96%
pymatgen/io/vasp/inputs.py/write_file,23,19,4,82.61%
pymatgen/io/vasp/inputs.py/set_symbols,5,5,0,100.00%
pymatgen/io/vasp/inputs.py/UnknownPotcarWarning,4,4,0,100.00%
pymatgen/io/vasp/inputs.py/VaspInput,5,5,0,100.00%
pymatgen/io/vasp/inputs.py/__init__,29,22,7,75.86%
pymatgen/io/vasp/inputs.py/__str__,28,24,4,85.71%
pymatgen/io/vasp/inputs.py/as_dict,23,21,2,91.30%
pymatgen/io/vasp/inputs.py/from_dict,25,22,3,88.00%
pymatgen/io/vasp/inputs.py/write_input,5,5,0,100.00%
pymatgen/io/vasp/inputs.py/from_directory,5,4,1,80.00%
pymatgen/io/vasp/inputs.py/copy,19,16,3,84.21%
pymatgen/io/vasp/inputs.py/run_vasp,5,5,0,100.00%
pymatgen/io/vasp/inputs.py/incar,5,4,1,80.00%
pymatgen/io/vasp/inputs.py/kpoints,4,4,0,100.00%
pymatgen/io/vasp/inputs.py/poscar,5,5,0,100.00%
pymatgen/io/vasp/inputs.py/potcar,5,4,1,80.00%
pymatgen/io/vasp/sets.py/_load_yaml_config,5,5,0,100.00%
pymatgen/io/vasp/sets.py/VaspInputSet,5,5,0,100.00%
pymatgen/io/vasp/sets.py/__post_init__,5,5,0,100.00%
pymatgen/io/vasp/sets.py/__str__,5,5,0,100.00%
pymatgen/io/vasp/sets.py/__repr__,5,4,1,80.00%
pymatgen/io/vasp/sets.py/write_input,5,4,1,80.00%
pymatgen/io/vasp/sets.py/as_dict,5,4,1,80.00%
pymatgen/io/vasp/sets.py/structure,5,4,1,80.00%
pymatgen/io/vasp/sets.py/structure,10,8,2,80.00%
pymatgen/io/vasp/sets.py/get_input_set,5,5,0,100.00%
pymatgen/io/vasp/sets.py/get_vasp_input,5,4,1,80.00%
pymatgen/io/vasp/sets.py/incar_updates,5,4,1,80.00%
pymatgen/io/vasp/sets.py/kpoints_updates,4,4,0,100.00%
pymatgen/io/vasp/sets.py/_set_previous,5,5,0,100.00%
pymatgen/io/vasp/sets.py/incar,5,5,0,100.00%
pymatgen/io/vasp/sets.py/poscar,5,5,0,100.00%
pymatgen/io/vasp/sets.py/potcar_functional,4,3,1,75.00%
pymatgen/io/vasp/sets.py/nelect,5,4,1,80.00%
pymatgen/io/vasp/sets.py/kpoints,5,3,2,60.00%
pymatgen/io/vasp/sets.py/potcar,4,1,3,25.00%
pymatgen/io/vasp/sets.py/potcar_symbols,5,4,1,80.00%
pymatgen/io/vasp/sets.py/estimate_nbands,5,4,1,80.00%
pymatgen/io/vasp/sets.py/override_from_prev_calc,5,4,1,80.00%
pymatgen/io/vasp/sets.py/from_prev_calc,5,4,1,80.00%
pymatgen/io/vasp/sets.py/calculate_ng,5,4,1,80.00%
pymatgen/io/vasp/sets.py/next_g_size,4,4,0,100.00%
pymatgen/io/vasp/sets.py/from_directory,5,3,2,60.00%
pymatgen/io/vasp/sets.py/_get_nedos,5,3,2,60.00%
pymatgen/io/vasp/sets.py/DictSet,4,1,3,25.00%
pymatgen/io/vasp/sets.py/next_num_with_prime_factors,5,4,1,80.00%
pymatgen/io/vasp/sets.py/primes_less_than,5,4,1,80.00%
pymatgen/io/vasp/sets.py/MITRelaxSet,5,5,0,100.00%
pymatgen/io/vasp/sets.py/MPRelaxSet,5,3,2,60.00%
pymatgen/io/vasp/sets.py/MPScanRelaxSet,5,4,1,80.00%
pymatgen/io/vasp/sets.py/__post_init__,10,9,1,90.00%
pymatgen/io/vasp/sets.py/MPMetalRelaxSet,5,4,1,80.00%
pymatgen/io/vasp/sets.py/incar_updates,10,9,1,90.00%
pymatgen/io/vasp/sets.py/kpoints_updates,9,9,0,100.00%
pymatgen/io/vasp/sets.py/MPHSERelaxSet,5,4,1,80.00%
pymatgen/io/vasp/sets.py/MPStaticSet,5,5,0,100.00%
pymatgen/io/vasp/sets.py/incar_updates,15,13,2,86.67%
pymatgen/io/vasp/sets.py/kpoints_updates,14,11,3,78.57%
pymatgen/io/vasp/sets.py/MatPESStaticSet,5,4,1,80.00%
pymatgen/io/vasp/sets.py/__post_init__,15,14,1,93.33%
pymatgen/io/vasp/sets.py/MPScanStaticSet,5,4,1,80.00%
pymatgen/io/vasp/sets.py/incar_updates,20,16,4,80.00%
pymatgen/io/vasp/sets.py/MPHSEBSSet,5,3,2,60.00%
pymatgen/io/vasp/sets.py/__post_init__,20,19,1,95.00%
pymatgen/io/vasp/sets.py/kpoints_updates,18,14,4,77.78%
pymatgen/io/vasp/sets.py/incar_updates,25,21,4,84.00%
pymatgen/io/vasp/sets.py/MPNonSCFSet,5,5,0,100.00%
pymatgen/io/vasp/sets.py/__post_init__,25,23,2,92.00%
pymatgen/io/vasp/sets.py/incar_updates,30,25,5,83.33%
pymatgen/io/vasp/sets.py/kpoints_updates,23,18,5,78.26%
pymatgen/io/vasp/sets.py/MPSOCSet,5,5,0,100.00%
pymatgen/io/vasp/sets.py/__post_init__,29,25,4,86.21%
pymatgen/io/vasp/sets.py/incar_updates,35,29,6,82.86%
pymatgen/io/vasp/sets.py/kpoints_updates,28,21,7,75.00%
pymatgen/io/vasp/sets.py/structure,15,13,2,86.67%
pymatgen/io/vasp/sets.py/MPNMRSet,5,4,1,80.00%
pymatgen/io/vasp/sets.py/incar_updates,40,31,9,77.50%
pymatgen/io/vasp/sets.py/kpoints_updates,33,23,10,69.70%
pymatgen/io/vasp/sets.py/MVLElasticSet,5,5,0,100.00%
pymatgen/io/vasp/sets.py/incar_updates,44,35,9,79.55%
pymatgen/io/vasp/sets.py/MVLGWSet,5,3,2,60.00%
pymatgen/io/vasp/sets.py/__post_init__,34,30,4,88.24%
pymatgen/io/vasp/sets.py/kpoints_updates,38,25,13,65.79%
pymatgen/io/vasp/sets.py/incar_updates,49,38,11,77.55%
pymatgen/io/vasp/sets.py/from_prev_calc,10,7,3,70.00%
pymatgen/io/vasp/sets.py/MVLSlabSet,5,5,0,100.00%
pymatgen/io/vasp/sets.py/incar_updates,54,41,13,75.93%
pymatgen/io/vasp/sets.py/kpoints_updates,43,28,15,65.12%
pymatgen/io/vasp/sets.py/as_dict,10,8,2,80.00%
pymatgen/io/vasp/sets.py/MVLGBSet,5,5,0,100.00%
pymatgen/io/vasp/sets.py/kpoints_updates,48,32,16,66.67%
pymatgen/io/vasp/sets.py/incar_updates,59,44,15,74.58%
pymatgen/io/vasp/sets.py/MVLRelax52Set,5,5,0,100.00%
pymatgen/io/vasp/sets.py/MITNEBSet,5,4,1,80.00%
pymatgen/io/vasp/sets.py/__init__,5,4,1,80.00%
pymatgen/io/vasp/sets.py/poscar,9,9,0,100.00%
pymatgen/io/vasp/sets.py/poscars,5,5,0,100.00%
pymatgen/io/vasp/sets.py/_process_structures,5,5,0,100.00%
pymatgen/io/vasp/sets.py/write_input,10,7,3,70.00%
pymatgen/io/vasp/sets.py/MITMDSet,5,3,2,60.00%
pymatgen/io/vasp/sets.py/incar_updates,64,49,15,76.56%
pymatgen/io/vasp/sets.py/kpoints_updates,53,37,16,69.81%
pymatgen/io/vasp/sets.py/MPMDSet,5,3,2,60.00%
pymatgen/io/vasp/sets.py/incar_updates,69,54,15,78.26%
pymatgen/io/vasp/sets.py/kpoints_updates,57,39,18,68.42%
pymatgen/io/vasp/sets.py/MVLNPTMDSet,5,4,1,80.00%
pymatgen/io/vasp/sets.py/incar_updates,74,59,15,79.73%
pymatgen/io/vasp/sets.py/kpoints_updates,61,41,20,67.21%
pymatgen/io/vasp/sets.py/MVLScanRelaxSet,5,4,1,80.00%
pymatgen/io/vasp/sets.py/__post_init__,39,35,4,89.74%
pymatgen/io/vasp/sets.py/incar_updates,79,64,15,81.01%
pymatgen/io/vasp/sets.py/LobsterSet,5,3,2,60.00%
pymatgen/io/vasp/sets.py/__post_init__,44,39,5,88.64%
pymatgen/io/vasp/sets.py/kpoints_updates,66,46,20,69.70%
pymatgen/io/vasp/sets.py/incar_updates,84,68,16,80.95%
pymatgen/io/vasp/sets.py/get_vasprun_outcar,5,5,0,100.00%
pymatgen/io/vasp/sets.py/get_structure_from_prev_run,5,3,2,60.00%
pymatgen/io/vasp/sets.py/standardize_structure,5,4,1,80.00%
pymatgen/io/vasp/sets.py/BadInputSetWarning,5,2,3,40.00%
pymatgen/io/vasp/sets.py/batch_write_input,5,5,0,100.00%
pymatgen/io/vasp/sets.py/get_valid_magmom_struct,5,4,1,80.00%
pymatgen/io/vasp/sets.py/MPAbsorptionSet,5,4,1,80.00%
pymatgen/io/vasp/sets.py/__post_init__,49,42,7,85.71%
pymatgen/io/vasp/sets.py/kpoints_updates,71,50,21,70.42%
pymatgen/io/vasp/sets.py/incar_updates,89,72,17,80.90%
pymatgen/io/vasp/sets.py/_get_ispin,5,4,1,80.00%
pymatgen/io/vasp/sets.py/_get_recommended_lreal,4,1,3,25.00%
pymatgen/io/vasp/sets.py/_combine_kpoints,5,4,1,80.00%
pymatgen/io/vasp/sets.py/_apply_incar_updates,5,5,0,100.00%
pymatgen/io/vasp/sets.py/_remove_unused_incar_params,5,5,0,100.00%
pymatgen/io/vasp/sets.py/_get_nedos,10,7,3,70.00%
pymatgen/io/vasp/sets.py/auto_kspacing,5,3,2,60.00%
pymatgen/io/vasp/help.py/VaspDoc,5,4,1,80.00%
pymatgen/io/vasp/help.py/__init__,4,4,0,100.00%
pymatgen/io/vasp/help.py/print_help,4,3,1,75.00%
pymatgen/io/vasp/help.py/print_jupyter_help,5,5,0,100.00%
pymatgen/io/vasp/help.py/get_help,4,4,0,100.00%
pymatgen/io/vasp/help.py/get_incar_tags,5,5,0,100.00%
pymatgen/io/vasp/optics.py/DielectricFunctionCalculator,5,5,0,100.00%
pymatgen/io/vasp/optics.py/from_vasp_objects,5,4,1,80.00%
pymatgen/io/vasp/optics.py/from_directory,5,3,2,60.00%
pymatgen/io/vasp/optics.py/_try_reading,4,4,0,100.00%
pymatgen/io/vasp/optics.py/cder,5,4,1,80.00%
pymatgen/io/vasp/optics.py/get_epsilon,5,5,0,100.00%
pymatgen/io/vasp/optics.py/_use_default,5,4,1,80.00%
pymatgen/io/vasp/optics.py/_use_default,10,9,1,90.00%
pymatgen/io/vasp/optics.py/_use_default,15,13,2,86.67%
pymatgen/io/vasp/optics.py/plot_weighted_transition_data,5,5,0,100.00%
pymatgen/io/vasp/optics.py/delta_methfessel_paxton,5,5,0,100.00%
pymatgen/io/vasp/optics.py/step_methfessel_paxton,5,4,1,80.00%
pymatgen/io/vasp/optics.py/delta_func,5,3,2,60.00%
pymatgen/io/vasp/optics.py/step_func,5,3,2,60.00%
pymatgen/io/vasp/optics.py/get_delta,5,3,2,60.00%
pymatgen/io/vasp/optics.py/get_step,5,5,0,100.00%
pymatgen/io/vasp/optics.py/epsilon_imag,5,5,0,100.00%
pymatgen/io/vasp/optics.py/kramers_kronig,5,4,1,80.00%
pymatgen/io/vasp/outputs.py/_parse_parameters,5,4,1,80.00%
pymatgen/io/vasp/outputs.py/_parse_v_parameters,5,3,2,60.00%
pymatgen/io/vasp/outputs.py/_parse_vasp_array,5,5,0,100.00%
pymatgen/io/vasp/outputs.py/_parse_from_incar,4,4,0,100.00%
pymatgen/io/vasp/outputs.py/_vasprun_float,5,3,2,60.00%
pymatgen/io/vasp/outputs.py/KpointOptProps,5,4,1,80.00%
pymatgen/io/vasp/outputs.py/Vasprun,5,4,1,80.00%
pymatgen/io/vasp/outputs.py/__init__,5,5,0,100.00%
pymatgen/io/vasp/outputs.py/_parse,5,4,1,80.00%
pymatgen/io/vasp/outputs.py/structures,4,4,0,100.00%
pymatgen/io/vasp/outputs.py/epsilon_static,5,3,2,60.00%
pymatgen/io/vasp/outputs.py/epsilon_static_wolfe,4,2,2,50.00%
pymatgen/io/vasp/outputs.py/epsilon_ionic,4,3,1,75.00%
pymatgen/io/vasp/outputs.py/dielectric,5,4,1,80.00%
pymatgen/io/vasp/outputs.py/optical_absorption_coeff,5,1,4,20.00%
pymatgen/io/vasp/outputs.py/optical_absorb_coeff,5,5,0,100.00%
pymatgen/io/vasp/outputs.py/converged_electronic,5,4,1,80.00%
pymatgen/io/vasp/outputs.py/converged_ionic,5,5,0,100.00%
pymatgen/io/vasp/outputs.py/converged,4,3,1,75.00%
pymatgen/io/vasp/outputs.py/final_energy,5,4,1,80.00%
pymatgen/io/vasp/outputs.py/complete_dos,4,3,1,75.00%
pymatgen/io/vasp/outputs.py/complete_dos_normalized,5,3,2,60.00%
pymatgen/io/vasp/outputs.py/hubbards,5,4,1,80.00%
pymatgen/io/vasp/outputs.py/run_type,5,2,3,40.00%
pymatgen/io/vasp/outputs.py/is_hubbard,4,4,0,100.00%
pymatgen/io/vasp/outputs.py/is_spin,5,4,1,80.00%
pymatgen/io/vasp/outputs.py/md_n_steps,5,2,3,40.00%
pymatgen/io/vasp/outputs.py/get_computed_entry,5,5,0,100.00%
pymatgen/io/vasp/outputs.py/get_band_structure,5,4,1,80.00%
pymatgen/io/vasp/outputs.py/eigenvalue_band_properties,5,4,1,80.00%
pymatgen/io/vasp/outputs.py/calculate_efermi,5,5,0,100.00%
pymatgen/io/vasp/outputs.py/crosses_band,5,4,1,80.00%
pymatgen/io/vasp/outputs.py/get_vbm_cbm,4,4,0,100.00%
pymatgen/io/vasp/outputs.py/get_potcars,5,2,3,40.00%
pymatgen/io/vasp/outputs.py/get_trajectory,5,4,1,80.00%
pymatgen/io/vasp/outputs.py/update_potcar_spec,5,3,2,60.00%
pymatgen/io/vasp/outputs.py/update_charge_from_potcar,5,1,4,20.00%
pymatgen/io/vasp/outputs.py/as_dict,5,3,2,60.00%
pymatgen/io/vasp/outputs.py/_parse_params,5,5,0,100.00%
pymatgen/io/vasp/outputs.py/_parse_atominfo,5,5,0,100.00%
pymatgen/io/vasp/outputs.py/parse_atomic_symbol,5,4,1,80.00%
pymatgen/io/vasp/outputs.py/_parse_kpoints,4,4,0,100.00%
pymatgen/io/vasp/outputs.py/_parse_structure,4,4,0,100.00%
pymatgen/io/vasp/outputs.py/_parse_diel,5,4,1,80.00%
pymatgen/io/vasp/outputs.py/_parse_optical_transition,5,2,3,40.00%
pymatgen/io/vasp/outputs.py/_parse_chemical_shielding,5,5,0,100.00%
pymatgen/io/vasp/outputs.py/_parse_ionic_step,5,4,1,80.00%
pymatgen/io/vasp/outputs.py/_parse_dos,4,2,2,50.00%
pymatgen/io/vasp/outputs.py/_parse_eigen,5,5,0,100.00%
pymatgen/io/vasp/outputs.py/_parse_projected_eigen,5,5,0,100.00%
pymatgen/io/vasp/outputs.py/_parse_dynmat,5,4,1,80.00%
pymatgen/io/vasp/outputs.py/BSVasprun,5,5,0,100.00%
pymatgen/io/vasp/outputs.py/__init__,10,9,1,90.00%
pymatgen/io/vasp/outputs.py/as_dict,10,7,3,70.00%
pymatgen/io/vasp/outputs.py/Outcar,5,5,0,100.00%
pymatgen/io/vasp/outputs.py/__init__,15,14,1,93.33%
pymatgen/io/vasp/outputs.py/read_pattern,5,2,3,40.00%
pymatgen/io/vasp/outputs.py/read_table_pattern,5,4,1,80.00%
pymatgen/io/vasp/outputs.py/read_electrostatic_potential,5,4,1,80.00%
pymatgen/io/vasp/outputs.py/_parse_sci_notation,5,4,1,80.00%
pymatgen/io/vasp/outputs.py/read_freq_dielectric,5,5,0,100.00%
pymatgen/io/vasp/outputs.py/read_chemical_shielding,5,4,1,80.00%
pymatgen/io/vasp/outputs.py/read_cs_g0_contribution,5,4,1,80.00%
pymatgen/io/vasp/outputs.py/read_cs_core_contribution,5,5,0,100.00%
pymatgen/io/vasp/outputs.py/read_cs_raw_symmetrized_tensors,5,3,2,60.00%
pymatgen/io/vasp/outputs.py/read_nmr_efg_tensor,4,4,0,100.00%
pymatgen/io/vasp/outputs.py/read_nmr_efg,5,5,0,100.00%
pymatgen/io/vasp/outputs.py/read_elastic_tensor,5,5,0,100.00%
pymatgen/io/vasp/outputs.py/read_piezo_tensor,5,3,2,60.00%
pymatgen/io/vasp/outputs.py/read_onsite_density_matrices,5,4,1,80.00%
pymatgen/io/vasp/outputs.py/read_corrections,5,4,1,80.00%
pymatgen/io/vasp/outputs.py/read_neb,5,4,1,80.00%
pymatgen/io/vasp/outputs.py/read_igpar,5,4,1,80.00%
pymatgen/io/vasp/outputs.py/er_ev,5,4,1,80.00%
pymatgen/io/vasp/outputs.py/er_bp,4,4,0,100.00%
pymatgen/io/vasp/outputs.py/er_ev_up,5,4,1,80.00%
pymatgen/io/vasp/outputs.py/er_bp_up,5,5,0,100.00%
pymatgen/io/vasp/outputs.py/er_ev_dn,5,4,1,80.00%
pymatgen/io/vasp/outputs.py/er_bp_dn,5,4,1,80.00%
pymatgen/io/vasp/outputs.py/p_elc,4,3,1,75.00%
pymatgen/io/vasp/outputs.py/p_ion,5,4,1,80.00%
pymatgen/io/vasp/outputs.py/read_internal_strain_tensor,5,3,2,60.00%
pymatgen/io/vasp/outputs.py/internal_strain_start,5,3,2,60.00%
pymatgen/io/vasp/outputs.py/internal_strain_data,4,4,0,100.00%
pymatgen/io/vasp/outputs.py/read_lepsilon,5,5,0,100.00%
pymatgen/io/vasp/outputs.py/dielectric_section_start,5,3,2,60.00%
pymatgen/io/vasp/outputs.py/dielectric_section_start2,5,1,4,20.00%
pymatgen/io/vasp/outputs.py/dielectric_data,5,3,2,60.00%
pymatgen/io/vasp/outputs.py/dielectric_section_stop,4,4,0,100.00%
pymatgen/io/vasp/outputs.py/piezo_section_start,4,3,1,75.00%
pymatgen/io/vasp/outputs.py/piezo_data,5,2,3,40.00%
pymatgen/io/vasp/outputs.py/piezo_section_stop,5,4,1,80.00%
pymatgen/io/vasp/outputs.py/born_section_start,4,3,1,75.00%
pymatgen/io/vasp/outputs.py/born_ion,4,2,2,50.00%
pymatgen/io/vasp/outputs.py/born_data,5,4,1,80.00%
pymatgen/io/vasp/outputs.py/born_section_stop,4,4,0,100.00%
pymatgen/io/vasp/outputs.py/read_lepsilon_ionic,5,4,1,80.00%
pymatgen/io/vasp/outputs.py/dielectric_section_start,9,5,4,55.56%
pymatgen/io/vasp/outputs.py/dielectric_section_start2,9,5,4,55.56%
pymatgen/io/vasp/outputs.py/dielectric_data,10,8,2,80.00%
pymatgen/io/vasp/outputs.py/dielectric_section_stop,9,7,2,77.78%
pymatgen/io/vasp/outputs.py/piezo_section_start,9,6,3,66.67%
pymatgen/io/vasp/outputs.py/piezo_data,10,5,5,50.00%
pymatgen/io/vasp/outputs.py/piezo_section_stop,10,9,1,90.00%
pymatgen/io/vasp/outputs.py/read_lcalcpol,5,4,1,80.00%
pymatgen/io/vasp/outputs.py/p_elec,4,4,0,100.00%
pymatgen/io/vasp/outputs.py/p_ion,10,9,1,90.00%
pymatgen/io/vasp/outputs.py/p_sp1,4,3,1,75.00%
pymatgen/io/vasp/outputs.py/p_sp2,5,3,2,60.00%
pymatgen/io/vasp/outputs.py/read_pseudo_zval,5,2,3,40.00%
pymatgen/io/vasp/outputs.py/atom_symbols,5,4,1,80.00%
pymatgen/io/vasp/outputs.py/zvals,5,4,1,80.00%
pymatgen/io/vasp/outputs.py/read_core_state_eigen,5,3,2,60.00%
pymatgen/io/vasp/outputs.py/read_avg_core_poten,5,4,1,80.00%
pymatgen/io/vasp/outputs.py/as_dict,15,12,3,80.00%
pymatgen/io/vasp/outputs.py/read_fermi_contact_shift,5,3,2,60.00%
pymatgen/io/vasp/outputs.py/VolumetricData,5,2,3,40.00%
pymatgen/io/vasp/outputs.py/parse_file,5,3,2,60.00%
pymatgen/io/vasp/outputs.py/write_file,4,3,1,75.00%
pymatgen/io/vasp/outputs.py/format_fortran_float,5,3,2,60.00%
pymatgen/io/vasp/outputs.py/write_spin,4,2,2,50.00%
pymatgen/io/vasp/outputs.py/Locpot,5,5,0,100.00%
pymatgen/io/vasp/outputs.py/__init__,19,17,2,89.47%
pymatgen/io/vasp/outputs.py/from_file,5,4,1,80.00%
pymatgen/io/vasp/outputs.py/Chgcar,5,4,1,80.00%
pymatgen/io/vasp/outputs.py/__init__,24,22,2,91.67%
pymatgen/io/vasp/outputs.py/from_file,9,7,2,77.78%
pymatgen/io/vasp/outputs.py/net_magnetization,5,3,2,60.00%
pymatgen/io/vasp/outputs.py/Elfcar,5,5,0,100.00%
pymatgen/io/vasp/outputs.py/__init__,29,26,3,89.66%
pymatgen/io/vasp/outputs.py/from_file,13,7,6,53.85%
pymatgen/io/vasp/outputs.py/get_alpha,5,4,1,80.00%
pymatgen/io/vasp/outputs.py/Procar,5,4,1,80.00%
pymatgen/io/vasp/outputs.py/__init__,34,30,4,88.24%
pymatgen/io/vasp/outputs.py/get_projection_on_elements,5,4,1,80.00%
pymatgen/io/vasp/outputs.py/get_occupation,5,5,0,100.00%
pymatgen/io/vasp/outputs.py/Oszicar,5,4,1,80.00%
pymatgen/io/vasp/outputs.py/__init__,39,33,6,84.62%
pymatgen/io/vasp/outputs.py/smart_convert,5,3,2,60.00%
pymatgen/io/vasp/outputs.py/all_energies,5,2,3,40.00%
pymatgen/io/vasp/outputs.py/final_energy,10,8,2,80.00%
pymatgen/io/vasp/outputs.py/as_dict,19,16,3,84.21%
pymatgen/io/vasp/outputs.py/VaspParseError,5,4,1,80.00%
pymatgen/io/vasp/outputs.py/get_band_structure_from_vasp_multiple_branches,4,4,0,100.00%
pymatgen/io/vasp/outputs.py/Xdatcar,5,4,1,80.00%
pymatgen/io/vasp/outputs.py/__init__,44,37,7,84.09%
pymatgen/io/vasp/outputs.py/__str__,5,4,1,80.00%
pymatgen/io/vasp/outputs.py/site_symbols,4,3,1,75.00%
pymatgen/io/vasp/outputs.py/natoms,5,4,1,80.00%
pymatgen/io/vasp/outputs.py/concatenate,5,5,0,100.00%
pymatgen/io/vasp/outputs.py/get_str,5,5,0,100.00%
pymatgen/io/vasp/outputs.py/write_file,9,7,2,77.78%
pymatgen/io/vasp/outputs.py/Dynmat,5,5,0,100.00%
pymatgen/io/vasp/outputs.py/__init__,49,41,8,83.67%
pymatgen/io/vasp/outputs.py/get_phonon_frequencies,5,3,2,60.00%
pymatgen/io/vasp/outputs.py/nspecs,4,3,1,75.00%
pymatgen/io/vasp/outputs.py/natoms,10,8,2,80.00%
pymatgen/io/vasp/outputs.py/ndisps,5,4,1,80.00%
pymatgen/io/vasp/outputs.py/masses,5,2,3,40.00%
pymatgen/io/vasp/outputs.py/get_adjusted_fermi_level,5,4,1,80.00%
pymatgen/io/vasp/outputs.py/Wavecar,5,5,0,100.00%
pymatgen/io/vasp/outputs.py/__init__,54,46,8,85.19%
pymatgen/io/vasp/outputs.py/_generate_nbmax,5,5,0,100.00%
pymatgen/io/vasp/outputs.py/_generate_G_points,5,4,1,80.00%
pymatgen/io/vasp/outputs.py/evaluate_wavefunc,5,3,2,60.00%
pymatgen/io/vasp/outputs.py/fft_mesh,5,4,1,80.00%
pymatgen/io/vasp/outputs.py/get_parchg,5,4,1,80.00%
pymatgen/io/vasp/outputs.py/write_unks,5,4,1,80.00%
pymatgen/io/vasp/outputs.py/Eigenval,5,5,0,100.00%
pymatgen/io/vasp/outputs.py/__init__,59,50,9,84.75%
pymatgen/io/vasp/outputs.py/eigenvalue_band_properties,10,9,1,90.00%
pymatgen/io/vasp/outputs.py/Waveder,5,3,2,60.00%
pymatgen/io/vasp/outputs.py/from_formatted,5,2,3,40.00%
pymatgen/io/vasp/outputs.py/from_binary,5,3,2,60.00%
pymatgen/io/vasp/outputs.py/read_data,5,4,1,80.00%
pymatgen/io/vasp/outputs.py/cder,4,3,1,75.00%
pymatgen/io/vasp/outputs.py/nspin,5,3,2,60.00%
pymatgen/io/vasp/outputs.py/nkpoints,4,2,2,50.00%
pymatgen/io/vasp/outputs.py/nbands,5,2,3,40.00%
pymatgen/io/vasp/outputs.py/get_orbital_derivative_between_states,5,5,0,100.00%
pymatgen/io/vasp/outputs.py/WSWQ,5,5,0,100.00%
pymatgen/io/vasp/outputs.py/data,5,2,3,40.00%
pymatgen/io/vasp/outputs.py/from_file,17,10,7,58.82%
pymatgen/io/vasp/outputs.py/UnconvergedVASPWarning,4,3,1,75.00%
pymatgen/io/qchem/inputs.py/QCInput,5,4,1,80.00%
pymatgen/io/qchem/inputs.py/__init__,5,3,2,60.00%
pymatgen/io/qchem/inputs.py/__str__,5,5,0,100.00%
pymatgen/io/qchem/inputs.py/get_str,4,4,0,100.00%
pymatgen/io/qchem/inputs.py/multi_job_string,4,3,1,75.00%
pymatgen/io/qchem/inputs.py/from_str,5,4,1,80.00%
pymatgen/io/qchem/inputs.py/write_multi_job_file,5,4,1,80.00%
pymatgen/io/qchem/inputs.py/from_file,4,3,1,75.00%
pymatgen/io/qchem/inputs.py/from_multi_jobs_file,5,3,2,60.00%
pymatgen/io/qchem/inputs.py/molecule_template,5,3,2,60.00%
pymatgen/io/qchem/inputs.py/rem_template,5,4,1,80.00%
pymatgen/io/qchem/inputs.py/opt_template,5,5,0,100.00%
pymatgen/io/qchem/inputs.py/pcm_template,5,5,0,100.00%
pymatgen/io/qchem/inputs.py/solvent_template,5,5,0,100.00%
pymatgen/io/qchem/inputs.py/smx_template,5,4,1,80.00%
pymatgen/io/qchem/inputs.py/scan_template,5,5,0,100.00%
pymatgen/io/qchem/inputs.py/van_der_waals_template,5,4,1,80.00%
pymatgen/io/qchem/inputs.py/plots_template,5,4,1,80.00%
pymatgen/io/qchem/inputs.py/nbo_template,5,4,1,80.00%
pymatgen/io/qchem/inputs.py/svp_template,5,4,1,80.00%
pymatgen/io/qchem/inputs.py/geom_opt_template,5,2,3,40.00%
pymatgen/io/qchem/inputs.py/cdft_template,5,5,0,100.00%
pymatgen/io/qchem/inputs.py/almo_template,5,5,0,100.00%
pymatgen/io/qchem/inputs.py/pcm_nonels_template,5,4,1,80.00%
pymatgen/io/qchem/inputs.py/find_sections,5,4,1,80.00%
pymatgen/io/qchem/inputs.py/read_molecule,5,5,0,100.00%
pymatgen/io/qchem/inputs.py/read_rem,4,2,2,50.00%
pymatgen/io/qchem/inputs.py/read_opt,5,5,0,100.00%
pymatgen/io/qchem/inputs.py/read_pcm,5,1,4,20.00%
pymatgen/io/qchem/inputs.py/read_vdw,5,4,1,80.00%
pymatgen/io/qchem/inputs.py/read_solvent,5,3,2,60.00%
pymatgen/io/qchem/inputs.py/read_smx,5,4,1,80.00%
pymatgen/io/qchem/inputs.py/read_scan,5,4,1,80.00%
pymatgen/io/qchem/inputs.py/read_plots,5,2,3,40.00%
pymatgen/io/qchem/inputs.py/read_nbo,5,4,1,80.00%
pymatgen/io/qchem/inputs.py/read_geom_opt,5,4,1,80.00%
pymatgen/io/qchem/inputs.py/read_cdft,5,5,0,100.00%
pymatgen/io/qchem/inputs.py/read_almo,4,3,1,75.00%
pymatgen/io/qchem/inputs.py/read_svp,5,4,1,80.00%
pymatgen/io/qchem/inputs.py/read_pcm_nonels,5,3,2,60.00%
pymatgen/io/qchem/utils.py/read_pattern,5,4,1,80.00%
pymatgen/io/qchem/utils.py/read_matrix_pattern,5,4,1,80.00%
pymatgen/io/qchem/utils.py/read_table_pattern,5,5,0,100.00%
pymatgen/io/qchem/utils.py/lower_and_check_unique,5,3,2,60.00%
pymatgen/io/qchem/utils.py/process_parsed_coords,5,4,1,80.00%
pymatgen/io/qchem/utils.py/process_parsed_fock_matrix,5,5,0,100.00%
pymatgen/io/qchem/utils.py/process_parsed_hess,5,4,1,80.00%
pymatgen/io/qchem/sets.py/QChemDictSet,5,4,1,80.00%
pymatgen/io/qchem/sets.py/__init__,5,4,1,80.00%
pymatgen/io/qchem/sets.py/write,5,2,3,40.00%
pymatgen/io/qchem/sets.py/SinglePointSet,5,5,0,100.00%
pymatgen/io/qchem/sets.py/__init__,10,9,1,90.00%
pymatgen/io/qchem/sets.py/OptSet,5,3,2,60.00%
pymatgen/io/qchem/sets.py/__init__,15,14,1,93.33%
pymatgen/io/qchem/sets.py/TransitionStateSet,5,3,2,60.00%
pymatgen/io/qchem/sets.py/__init__,20,18,2,90.00%
pymatgen/io/qchem/sets.py/ForceSet,5,5,0,100.00%
pymatgen/io/qchem/sets.py/__init__,25,23,2,92.00%
pymatgen/io/qchem/sets.py/FreqSet,5,5,0,100.00%
pymatgen/io/qchem/sets.py/__init__,30,25,5,83.33%
pymatgen/io/qchem/sets.py/PESScanSet,5,5,0,100.00%
pymatgen/io/qchem/sets.py/__init__,35,29,6,82.86%
pymatgen/io/qchem/outputs.py/QCOutput,5,3,2,60.00%
pymatgen/io/qchem/outputs.py/__init__,5,3,2,60.00%
pymatgen/io/qchem/outputs.py/multiple_outputs_from_file,5,5,0,100.00%
pymatgen/io/qchem/outputs.py/_read_eigenvalues,5,2,3,40.00%
pymatgen/io/qchem/outputs.py/_read_fock_matrix,5,3,2,60.00%
pymatgen/io/qchem/outputs.py/_read_coefficient_matrix,5,3,2,60.00%
pymatgen/io/qchem/outputs.py/_read_charge_and_multiplicity,5,2,3,40.00%
pymatgen/io/qchem/outputs.py/_read_species_and_inital_geometry,5,4,1,80.00%
pymatgen/io/qchem/outputs.py/_read_SCF,5,5,0,100.00%
pymatgen/io/qchem/outputs.py/_read_charges_and_dipoles,5,5,0,100.00%
pymatgen/io/qchem/outputs.py/_detect_general_warnings,5,3,2,60.00%
pymatgen/io/qchem/outputs.py/_read_geometries,5,5,0,100.00%
pymatgen/io/qchem/outputs.py/_get_grad_format_length,5,5,0,100.00%
pymatgen/io/qchem/outputs.py/_read_gradients,5,5,0,100.00%
pymatgen/io/qchem/outputs.py/_read_optimization_data,5,5,0,100.00%
pymatgen/io/qchem/outputs.py/_read_frequency_data,5,3,2,60.00%
pymatgen/io/qchem/outputs.py/_read_force_data,5,4,1,80.00%
pymatgen/io/qchem/outputs.py/_read_scan_data,5,4,1,80.00%
pymatgen/io/qchem/outputs.py/_read_pcm_information,5,3,2,60.00%
pymatgen/io/qchem/outputs.py/_read_smd_information,5,4,1,80.00%
pymatgen/io/qchem/outputs.py/_read_isosvp_information,5,5,0,100.00%
pymatgen/io/qchem/outputs.py/_read_cmirs_information,5,3,2,60.00%
pymatgen/io/qchem/outputs.py/_read_nbo_data,5,5,0,100.00%
pymatgen/io/qchem/outputs.py/_read_cdft,5,4,1,80.00%
pymatgen/io/qchem/outputs.py/_read_almo_msdft,5,4,1,80.00%
pymatgen/io/qchem/outputs.py/_check_completion_errors,5,4,1,80.00%
pymatgen/io/qchem/outputs.py/as_dict,4,3,1,75.00%
pymatgen/io/qchem/outputs.py/check_for_structure_changes,5,3,2,60.00%
pymatgen/io/qchem/outputs.py/jump_to_header,5,3,2,60.00%
pymatgen/io/qchem/outputs.py/get_percentage,5,3,2,60.00%
pymatgen/io/qchem/outputs.py/z_int,5,2,3,40.00%
pymatgen/io/qchem/outputs.py/parse_natural_populations,5,4,1,80.00%
pymatgen/io/qchem/outputs.py/parse_hyperbonds,5,3,2,60.00%
pymatgen/io/qchem/outputs.py/parse_hybridization_character,5,5,0,100.00%
pymatgen/io/qchem/outputs.py/parse_perturbation_energy,5,2,3,40.00%
pymatgen/io/qchem/outputs.py/nbo_parser,5,4,1,80.00%
pymatgen/io/qchem/outputs.py/gradient_parser,4,2,2,50.00%
pymatgen/io/qchem/outputs.py/hessian_parser,4,1,3,25.00%
pymatgen/io/qchem/outputs.py/orbital_coeffs_parser,5,3,2,60.00%
pymatgen/io/exciting/inputs.py/ExcitingInput,5,5,0,100.00%
pymatgen/io/exciting/inputs.py/__init__,5,4,1,80.00%
pymatgen/io/exciting/inputs.py/lockxyz,4,3,1,75.00%
pymatgen/io/exciting/inputs.py/lockxyz,9,7,2,77.78%
pymatgen/io/exciting/inputs.py/from_str,5,2,3,40.00%
pymatgen/io/exciting/inputs.py/from_file,5,3,2,60.00%
pymatgen/io/exciting/inputs.py/write_etree,5,4,1,80.00%
pymatgen/io/exciting/inputs.py/write_string,5,4,1,80.00%
pymatgen/io/exciting/inputs.py/write_file,5,5,0,100.00%
pymatgen/io/exciting/inputs.py/_indent,5,5,0,100.00%
pymatgen/io/exciting/inputs.py/_dicttoxml,5,5,0,100.00%
pymatgen/io/aims/parsers.py/ParseError,5,5,0,100.00%
pymatgen/io/aims/parsers.py/AimsParseError,4,4,0,100.00%
pymatgen/io/aims/parsers.py/__init__,4,4,0,100.00%
pymatgen/io/aims/parsers.py/AimsOutChunk,5,5,0,100.00%
pymatgen/io/aims/parsers.py/reverse_search_for,5,4,1,80.00%
pymatgen/io/aims/parsers.py/search_for_all,5,5,0,100.00%
pymatgen/io/aims/parsers.py/parse_scalar,5,4,1,80.00%
pymatgen/io/aims/parsers.py/AimsOutHeaderChunk,5,4,1,80.00%
pymatgen/io/aims/parsers.py/commit_hash,4,4,0,100.00%
pymatgen/io/aims/parsers.py/aims_uuid,5,5,0,100.00%
pymatgen/io/aims/parsers.py/version_number,4,4,0,100.00%
pymatgen/io/aims/parsers.py/fortran_compiler,5,3,2,60.00%
pymatgen/io/aims/parsers.py/c_compiler,5,3,2,60.00%
pymatgen/io/aims/parsers.py/fortran_compiler_flags,5,2,3,40.00%
pymatgen/io/aims/parsers.py/c_compiler_flags,4,2,2,50.00%
pymatgen/io/aims/parsers.py/build_type,5,3,2,60.00%
pymatgen/io/aims/parsers.py/linked_against,4,3,1,75.00%
pymatgen/io/aims/parsers.py/initial_lattice,5,4,1,80.00%
pymatgen/io/aims/parsers.py/initial_structure,5,5,0,100.00%
pymatgen/io/aims/parsers.py/initial_charges,5,5,0,100.00%
pymatgen/io/aims/parsers.py/initial_magnetic_moments,5,4,1,80.00%
pymatgen/io/aims/parsers.py/_parse_initial_charges_and_moments,5,4,1,80.00%
pymatgen/io/aims/parsers.py/is_md,4,3,1,75.00%
pymatgen/io/aims/parsers.py/is_relaxation,5,4,1,80.00%
pymatgen/io/aims/parsers.py/_parse_k_points,5,4,1,80.00%
pymatgen/io/aims/parsers.py/n_atoms,5,4,1,80.00%
pymatgen/io/aims/parsers.py/n_bands,5,5,0,100.00%
pymatgen/io/aims/parsers.py/n_electrons,5,4,1,80.00%
pymatgen/io/aims/parsers.py/n_k_points,5,5,0,100.00%
pymatgen/io/aims/parsers.py/n_spins,5,5,0,100.00%
pymatgen/io/aims/parsers.py/electronic_temperature,4,3,1,75.00%
pymatgen/io/aims/parsers.py/k_points,4,3,1,75.00%
pymatgen/io/aims/parsers.py/k_point_weights,4,3,1,75.00%
pymatgen/io/aims/parsers.py/header_summary,4,4,0,100.00%
pymatgen/io/aims/parsers.py/metadata_summary,5,3,2,60.00%
pymatgen/io/aims/parsers.py/AimsOutCalcChunk,5,5,0,100.00%
pymatgen/io/aims/parsers.py/__init__,8,8,0,100.00%
pymatgen/io/aims/parsers.py/_parse_structure,5,5,0,100.00%
pymatgen/io/aims/parsers.py/_parse_lattice_atom_pos,5,4,1,80.00%
pymatgen/io/aims/parsers.py/species,4,3,1,75.00%
pymatgen/io/aims/parsers.py/coords,5,5,0,100.00%
pymatgen/io/aims/parsers.py/velocities,4,2,2,50.00%
pymatgen/io/aims/parsers.py/lattice,5,5,0,100.00%
pymatgen/io/aims/parsers.py/forces,4,3,1,75.00%
pymatgen/io/aims/parsers.py/stresses,4,2,2,50.00%
pymatgen/io/aims/parsers.py/stress,5,3,2,60.00%
pymatgen/io/aims/parsers.py/is_metallic,5,5,0,100.00%
pymatgen/io/aims/parsers.py/energy,5,2,3,40.00%
pymatgen/io/aims/parsers.py/dipole,5,3,2,60.00%
pymatgen/io/aims/parsers.py/dielectric_tensor,5,5,0,100.00%
pymatgen/io/aims/parsers.py/polarization,5,4,1,80.00%
pymatgen/io/aims/parsers.py/_parse_homo_lumo,5,3,2,60.00%
pymatgen/io/aims/parsers.py/_parse_hirshfeld,5,3,2,60.00%
pymatgen/io/aims/parsers.py/structure,5,5,0,100.00%
pymatgen/io/aims/parsers.py/results,5,4,1,80.00%
pymatgen/io/aims/parsers.py/initial_structure,10,9,1,90.00%
pymatgen/io/aims/parsers.py/initial_lattice,10,9,1,90.00%
pymatgen/io/aims/parsers.py/n_atoms,9,8,1,88.89%
pymatgen/io/aims/parsers.py/n_bands,10,9,1,90.00%
pymatgen/io/aims/parsers.py/n_electrons,10,9,1,90.00%
pymatgen/io/aims/parsers.py/n_spins,10,9,1,90.00%
pymatgen/io/aims/parsers.py/electronic_temperature,9,7,2,77.78%
pymatgen/io/aims/parsers.py/n_k_points,9,9,0,100.00%
pymatgen/io/aims/parsers.py/k_points,9,6,3,66.67%
pymatgen/io/aims/parsers.py/k_point_weights,9,7,2,77.78%
pymatgen/io/aims/parsers.py/free_energy,4,2,2,50.00%
pymatgen/io/aims/parsers.py/n_iter,5,3,2,60.00%
pymatgen/io/aims/parsers.py/magmom,5,5,0,100.00%
pymatgen/io/aims/parsers.py/E_f,5,4,1,80.00%
pymatgen/io/aims/parsers.py/converged,4,4,0,100.00%
pymatgen/io/aims/parsers.py/hirshfeld_charges,5,4,1,80.00%
pymatgen/io/aims/parsers.py/hirshfeld_atomic_dipoles,4,3,1,75.00%
pymatgen/io/aims/parsers.py/hirshfeld_volumes,4,4,0,100.00%
pymatgen/io/aims/parsers.py/hirshfeld_dipole,4,4,0,100.00%
pymatgen/io/aims/parsers.py/vbm,4,4,0,100.00%
pymatgen/io/aims/parsers.py/cbm,5,5,0,100.00%
pymatgen/io/aims/parsers.py/gap,5,4,1,80.00%
pymatgen/io/aims/parsers.py/direct_gap,5,2,3,40.00%
pymatgen/io/aims/parsers.py/get_lines,4,3,1,75.00%
pymatgen/io/aims/parsers.py/get_header_chunk,5,3,2,60.00%
pymatgen/io/aims/parsers.py/get_aims_out_chunks,5,4,1,80.00%
pymatgen/io/aims/parsers.py/check_convergence,5,5,0,100.00%
pymatgen/io/aims/parsers.py/read_aims_header_info_from_content,5,4,1,80.00%
pymatgen/io/aims/parsers.py/read_aims_header_info,4,3,1,75.00%
pymatgen/io/aims/parsers.py/read_aims_output_from_content,5,4,1,80.00%
pymatgen/io/aims/parsers.py/read_aims_output,5,3,2,60.00%
pymatgen/io/aims/inputs.py/AimsGeometryIn,5,5,0,100.00%
pymatgen/io/aims/inputs.py/from_str,5,4,1,80.00%
pymatgen/io/aims/inputs.py/from_file,5,4,1,80.00%
pymatgen/io/aims/inputs.py/from_structure,5,5,0,100.00%
pymatgen/io/aims/inputs.py/structure,4,4,0,100.00%
pymatgen/io/aims/inputs.py/content,5,5,0,100.00%
pymatgen/io/aims/inputs.py/write_file,4,4,0,100.00%
pymatgen/io/aims/inputs.py/as_dict,5,4,1,80.00%
pymatgen/io/aims/inputs.py/from_dict,5,5,0,100.00%
pymatgen/io/aims/inputs.py/AimsCube,5,3,2,60.00%
pymatgen/io/aims/inputs.py/__eq__,5,3,2,60.00%
pymatgen/io/aims/inputs.py/__post_init__,5,4,1,80.00%
pymatgen/io/aims/inputs.py/control_block,5,5,0,100.00%
pymatgen/io/aims/inputs.py/as_dict,10,8,2,80.00%
pymatgen/io/aims/inputs.py/from_dict,10,10,0,100.00%
pymatgen/io/aims/inputs.py/AimsControlIn,5,4,1,80.00%
pymatgen/io/aims/inputs.py/__post_init__,9,8,1,88.89%
pymatgen/io/aims/inputs.py/__getitem__,5,5,0,100.00%
pymatgen/io/aims/inputs.py/__setitem__,5,3,2,60.00%
pymatgen/io/aims/inputs.py/__delitem__,5,3,2,60.00%
pymatgen/io/aims/inputs.py/parameters,4,4,0,100.00%
pymatgen/io/aims/inputs.py/parameters,9,8,1,88.89%
pymatgen/io/aims/inputs.py/get_aims_control_parameter_str,5,5,0,100.00%
pymatgen/io/aims/inputs.py/get_content,5,5,0,100.00%
pymatgen/io/aims/inputs.py/write_file,9,9,0,100.00%
pymatgen/io/aims/inputs.py/get_species_block,5,3,2,60.00%
pymatgen/io/aims/inputs.py/as_dict,15,13,2,86.67%
pymatgen/io/aims/inputs.py/from_dict,15,15,0,100.00%
pymatgen/io/aims/inputs.py/AimsSpeciesFile,5,5,0,100.00%
pymatgen/io/aims/inputs.py/__init__,5,4,1,80.00%
pymatgen/io/aims/inputs.py/from_file,10,9,1,90.00%
pymatgen/io/aims/inputs.py/from_element_and_basis_name,5,2,3,40.00%
pymatgen/io/aims/inputs.py/__str__,5,3,2,60.00%
pymatgen/io/aims/inputs.py/element,5,4,1,80.00%
pymatgen/io/aims/inputs.py/as_dict,20,18,2,90.00%
pymatgen/io/aims/inputs.py/from_dict,20,19,1,95.00%
pymatgen/io/aims/inputs.py/SpeciesDefaults,5,4,1,80.00%
pymatgen/io/aims/inputs.py/__init__,10,8,2,80.00%
pymatgen/io/aims/inputs.py/_set_species,5,4,1,80.00%
pymatgen/io/aims/inputs.py/__str__,10,6,4,60.00%
pymatgen/io/aims/inputs.py/from_structure,10,9,1,90.00%
pymatgen/io/aims/inputs.py/to_dict,5,5,0,100.00%
pymatgen/io/aims/inputs.py/from_dict,25,24,1,96.00%
pymatgen/io/aims/outputs.py/AimsOutput,5,4,1,80.00%
pymatgen/io/aims/outputs.py/__init__,5,4,1,80.00%
pymatgen/io/aims/outputs.py/as_dict,5,4,1,80.00%
pymatgen/io/aims/outputs.py/from_outfile,4,4,0,100.00%
pymatgen/io/aims/outputs.py/from_str,5,5,0,100.00%
pymatgen/io/aims/outputs.py/from_dict,5,4,1,80.00%
pymatgen/io/aims/outputs.py/get_results_for_image,5,3,2,60.00%
pymatgen/io/aims/outputs.py/structure_summary,4,4,0,100.00%
pymatgen/io/aims/outputs.py/metadata,5,5,0,100.00%
pymatgen/io/aims/outputs.py/n_images,5,5,0,100.00%
pymatgen/io/aims/outputs.py/initial_structure,5,4,1,80.00%
pymatgen/io/aims/outputs.py/final_structure,5,4,1,80.00%
pymatgen/io/aims/outputs.py/structures,4,2,2,50.00%
pymatgen/io/aims/outputs.py/fermi_energy,4,3,1,75.00%
pymatgen/io/aims/outputs.py/vbm,5,2,3,40.00%
pymatgen/io/aims/outputs.py/cbm,5,4,1,80.00%
pymatgen/io/aims/outputs.py/band_gap,5,4,1,80.00%
pymatgen/io/aims/outputs.py/direct_band_gap,4,4,0,100.00%
pymatgen/io/aims/outputs.py/final_energy,5,4,1,80.00%
pymatgen/io/aims/outputs.py/completed,4,3,1,75.00%
pymatgen/io/aims/outputs.py/aims_version,4,4,0,100.00%
pymatgen/io/aims/outputs.py/forces,5,2,3,40.00%
pymatgen/io/aims/outputs.py/stress,5,3,2,60.00%
pymatgen/io/aims/outputs.py/stresses,5,5,0,100.00%
pymatgen/io/aims/outputs.py/all_forces,4,2,2,50.00%
pymatgen/io/aims/sets/core.py/StaticSetGenerator,4,4,0,100.00%
pymatgen/io/aims/sets/core.py/get_parameter_updates,4,2,2,50.00%
pymatgen/io/aims/sets/core.py/RelaxSetGenerator,5,4,1,80.00%
pymatgen/io/aims/sets/core.py/get_parameter_updates,9,5,4,55.56%
pymatgen/io/aims/sets/core.py/SocketIOSetGenerator,5,3,2,60.00%
pymatgen/io/aims/sets/core.py/get_parameter_updates,14,10,4,71.43%
pymatgen/io/aims/sets/core.py/MDSetGenerator,5,5,0,100.00%
pymatgen/io/aims/sets/core.py/get_parameter_updates,19,14,5,73.68%
pymatgen/io/aims/sets/bs.py/_SegmentDict,5,4,1,80.00%
pymatgen/io/aims/sets/bs.py/prepare_band_input,5,5,0,100.00%
pymatgen/io/aims/sets/bs.py/BandStructureSetGenerator,4,2,2,50.00%
pymatgen/io/aims/sets/bs.py/get_parameter_updates,4,3,1,75.00%
pymatgen/io/aims/sets/bs.py/GWSetGenerator,5,4,1,80.00%
pymatgen/io/aims/sets/bs.py/get_parameter_updates,9,7,2,77.78%
pymatgen/io/aims/sets/base.py/AimsInputSet,5,5,0,100.00%
pymatgen/io/aims/sets/base.py/__init__,5,5,0,100.00%
pymatgen/io/aims/sets/base.py/get_input_files,4,1,3,25.00%
pymatgen/io/aims/sets/base.py/control_in,5,2,3,40.00%
pymatgen/io/aims/sets/base.py/geometry_in,4,3,1,75.00%
pymatgen/io/aims/sets/base.py/params_json,5,2,3,40.00%
pymatgen/io/aims/sets/base.py/set_parameters,5,5,0,100.00%
pymatgen/io/aims/sets/base.py/remove_parameters,5,5,0,100.00%
pymatgen/io/aims/sets/base.py/set_structure,4,4,0,100.00%
pymatgen/io/aims/sets/base.py/AimsInputGenerator,5,5,0,100.00%
pymatgen/io/aims/sets/base.py/get_input_set,5,4,1,80.00%
pymatgen/io/aims/sets/base.py/_read_previous,5,4,1,80.00%
pymatgen/io/aims/sets/base.py/_get_properties,5,3,2,60.00%
pymatgen/io/aims/sets/base.py/_get_input_parameters,5,4,1,80.00%
pymatgen/io/aims/sets/base.py/get_parameter_updates,5,4,1,80.00%
pymatgen/io/aims/sets/base.py/d2k,5,5,0,100.00%
pymatgen/io/aims/sets/base.py/k2d,5,3,2,60.00%
pymatgen/io/aims/sets/base.py/d2k_recip_cell,5,4,1,80.00%
pymatgen/io/aims/sets/base.py/recursive_update,5,5,0,100.00%
pymatgen/io/xtb/inputs.py/CRESTInput,5,2,3,40.00%
pymatgen/io/xtb/inputs.py/__init__,5,5,0,100.00%
pymatgen/io/xtb/inputs.py/write_input_files,5,5,0,100.00%
pymatgen/io/xtb/inputs.py/constrains_template,5,4,1,80.00%
pymatgen/io/xtb/outputs.py/CRESTOutput,5,4,1,80.00%
pymatgen/io/xtb/outputs.py/__init__,5,4,1,80.00%
pymatgen/io/xtb/outputs.py/_parse_crest_output,5,5,0,100.00%
pymatgen/io/pwmat/inputs.py/LineLocator,5,5,0,100.00%
pymatgen/io/pwmat/inputs.py/locate_all_lines,5,3,2,60.00%
pymatgen/io/pwmat/inputs.py/ListLocator,5,3,2,60.00%
pymatgen/io/pwmat/inputs.py/locate_all_lines,10,7,3,70.00%
pymatgen/io/pwmat/inputs.py/ACExtractorBase,5,5,0,100.00%
pymatgen/io/pwmat/inputs.py/get_n_atoms,3,3,0,100.00%
pymatgen/io/pwmat/inputs.py/get_lattice,5,4,1,80.00%
pymatgen/io/pwmat/inputs.py/get_types,3,1,2,33.33%
pymatgen/io/pwmat/inputs.py/get_coords,4,4,0,100.00%
pymatgen/io/pwmat/inputs.py/get_magmoms,3,2,1,66.67%
pymatgen/io/pwmat/inputs.py/ACExtractor,5,2,3,40.00%
pymatgen/io/pwmat/inputs.py/__init__,5,3,2,60.00%
pymatgen/io/pwmat/inputs.py/get_n_atoms,8,7,1,87.50%
pymatgen/io/pwmat/inputs.py/get_lattice,10,8,2,80.00%
pymatgen/io/pwmat/inputs.py/get_types,8,4,4,50.00%
pymatgen/io/pwmat/inputs.py/get_coords,9,6,3,66.67%
pymatgen/io/pwmat/inputs.py/get_magmoms,8,7,1,87.50%
pymatgen/io/pwmat/inputs.py/ACstrExtractor,5,1,4,20.00%
pymatgen/io/pwmat/inputs.py/__init__,10,8,2,80.00%
pymatgen/io/pwmat/inputs.py/get_n_atoms,13,12,1,92.31%
pymatgen/io/pwmat/inputs.py/get_lattice,15,12,3,80.00%
pymatgen/io/pwmat/inputs.py/get_types,13,6,7,46.15%
pymatgen/io/pwmat/inputs.py/get_coords,14,7,7,50.00%
pymatgen/io/pwmat/inputs.py/get_magmoms,13,11,2,84.62%
pymatgen/io/pwmat/inputs.py/get_e_tot,5,1,4,20.00%
pymatgen/io/pwmat/inputs.py/get_atom_energies,4,3,1,75.00%
pymatgen/io/pwmat/inputs.py/get_atom_forces,5,3,2,60.00%
pymatgen/io/pwmat/inputs.py/get_virial,5,2,3,40.00%
pymatgen/io/pwmat/inputs.py/AtomConfig,5,5,0,100.00%
pymatgen/io/pwmat/inputs.py/__init__,14,11,3,78.57%
pymatgen/io/pwmat/inputs.py/__repr__,3,3,0,100.00%
pymatgen/io/pwmat/inputs.py/__str__,4,3,1,75.00%
pymatgen/io/pwmat/inputs.py/from_str,5,4,1,80.00%
pymatgen/io/pwmat/inputs.py/from_file,5,5,0,100.00%
pymatgen/io/pwmat/inputs.py/from_dict,5,5,0,100.00%
pymatgen/io/pwmat/inputs.py/get_str,5,5,0,100.00%
pymatgen/io/pwmat/inputs.py/write_file,5,4,1,80.00%
pymatgen/io/pwmat/inputs.py/as_dict,4,4,0,100.00%
pymatgen/io/pwmat/inputs.py/GenKpt,5,5,0,100.00%
pymatgen/io/pwmat/inputs.py/__init__,19,15,4,78.95%
pymatgen/io/pwmat/inputs.py/from_structure,5,3,2,60.00%
pymatgen/io/pwmat/inputs.py/get_str,10,10,0,100.00%
pymatgen/io/pwmat/inputs.py/calc_distance,5,3,2,60.00%
pymatgen/io/pwmat/inputs.py/write_file,9,8,1,88.89%
pymatgen/io/pwmat/inputs.py/HighSymmetryPoint,5,4,1,80.00%
pymatgen/io/pwmat/inputs.py/__init__,23,18,5,78.26%
pymatgen/io/pwmat/inputs.py/from_structure,10,6,4,60.00%
pymatgen/io/pwmat/inputs.py/get_str,15,15,0,100.00%
pymatgen/io/pwmat/inputs.py/calc_distance,10,6,4,60.00%
pymatgen/io/pwmat/inputs.py/get_hsp_row_str,4,3,1,75.00%
pymatgen/io/pwmat/inputs.py/write_file,14,12,2,85.71%
pymatgen/io/pwmat/outputs.py/Movement,5,4,1,80.00%
pymatgen/io/pwmat/outputs.py/__init__,5,5,0,100.00%
pymatgen/io/pwmat/outputs.py/_get_chunk_info,5,4,1,80.00%
pymatgen/io/pwmat/outputs.py/atom_configs,4,3,1,75.00%
pymatgen/io/pwmat/outputs.py/e_tots,5,4,1,80.00%
pymatgen/io/pwmat/outputs.py/atom_forces,5,4,1,80.00%
pymatgen/io/pwmat/outputs.py/e_atoms,5,5,0,100.00%
pymatgen/io/pwmat/outputs.py/virials,4,3,1,75.00%
pymatgen/io/pwmat/outputs.py/_parse_sefv,5,4,1,80.00%
pymatgen/io/pwmat/outputs.py/OutFermi,5,4,1,80.00%
pymatgen/io/pwmat/outputs.py/__init__,10,7,3,70.00%
pymatgen/io/pwmat/outputs.py/e_fermi,5,5,0,100.00%
pymatgen/io/pwmat/outputs.py/Report,5,5,0,100.00%
pymatgen/io/pwmat/outputs.py/__init__,15,9,6,60.00%
pymatgen/io/pwmat/outputs.py/_parse_band,5,5,0,100.00%
pymatgen/io/pwmat/outputs.py/_parse_eigen,5,4,1,80.00%
pymatgen/io/pwmat/outputs.py/_parse_kpt,5,4,1,80.00%
pymatgen/io/pwmat/outputs.py/spin,5,4,1,80.00%
pymatgen/io/pwmat/outputs.py/n_kpoints,5,5,0,100.00%
pymatgen/io/pwmat/outputs.py/n_bands,5,5,0,100.00%
pymatgen/io/pwmat/outputs.py/eigenvalues,5,4,1,80.00%
pymatgen/io/pwmat/outputs.py/kpoints,4,4,0,100.00%
pymatgen/io/pwmat/outputs.py/kpoints_weight,4,4,0,100.00%
pymatgen/io/pwmat/outputs.py/hsps,5,3,2,60.00%
pymatgen/io/pwmat/outputs.py/DosSpin,5,4,1,80.00%
pymatgen/io/pwmat/outputs.py/__init__,19,13,6,68.42%
pymatgen/io/pwmat/outputs.py/_parse,5,5,0,100.00%
pymatgen/io/pwmat/outputs.py/labels,4,4,0,100.00%
pymatgen/io/pwmat/outputs.py/dos,4,3,1,75.00%
pymatgen/io/pwmat/outputs.py/get_partial_dos,5,2,3,40.00%
pymatgen/io/lammps/generators.py/BaseLammpsGenerator,5,5,0,100.00%
pymatgen/io/lammps/generators.py/get_input_set,5,5,0,100.00%
pymatgen/io/lammps/generators.py/LammpsMinimization,5,3,2,60.00%
pymatgen/io/lammps/generators.py/__init__,5,4,1,80.00%
pymatgen/io/lammps/generators.py/units,4,3,1,75.00%
pymatgen/io/lammps/generators.py/atom_style,4,3,1,75.00%
pymatgen/io/lammps/generators.py/dimension,5,5,0,100.00%
pymatgen/io/lammps/generators.py/boundary,4,3,1,75.00%
pymatgen/io/lammps/generators.py/read_data,5,3,2,60.00%
pymatgen/io/lammps/generators.py/force_field,5,4,1,80.00%
pymatgen/io/lammps/inputs.py/LammpsInputFile,5,5,0,100.00%
pymatgen/io/lammps/inputs.py/__init__,5,4,1,80.00%
pymatgen/io/lammps/inputs.py/stages_names,5,5,0,100.00%
pymatgen/io/lammps/inputs.py/nstages,5,5,0,100.00%
pymatgen/io/lammps/inputs.py/ncomments,4,3,1,75.00%
pymatgen/io/lammps/inputs.py/get_args,5,2,3,40.00%
pymatgen/io/lammps/inputs.py/contains_command,5,5,0,100.00%
pymatgen/io/lammps/inputs.py/set_args,5,4,1,80.00%
pymatgen/io/lammps/inputs.py/add_stage,5,4,1,80.00%
pymatgen/io/lammps/inputs.py/remove_stage,5,4,1,80.00%
pymatgen/io/lammps/inputs.py/rename_stage,5,1,4,20.00%
pymatgen/io/lammps/inputs.py/merge_stages,5,3,2,60.00%
pymatgen/io/lammps/inputs.py/add_commands,5,5,0,100.00%
pymatgen/io/lammps/inputs.py/remove_command,5,1,4,20.00%
pymatgen/io/lammps/inputs.py/append,5,2,3,40.00%
pymatgen/io/lammps/inputs.py/get_str,5,4,1,80.00%
pymatgen/io/lammps/inputs.py/write_file,5,3,2,60.00%
pymatgen/io/lammps/inputs.py/from_str,5,5,0,100.00%
pymatgen/io/lammps/inputs.py/from_file,5,5,0,100.00%
pymatgen/io/lammps/inputs.py/__repr__,4,4,0,100.00%
pymatgen/io/lammps/inputs.py/_initialize_stage,5,4,1,80.00%
pymatgen/io/lammps/inputs.py/_check_stage_format,5,2,3,40.00%
pymatgen/io/lammps/inputs.py/_add_command,5,4,1,80.00%
pymatgen/io/lammps/inputs.py/_add_comment,5,2,3,40.00%
pymatgen/io/lammps/inputs.py/_clean_lines,5,2,3,40.00%
pymatgen/io/lammps/inputs.py/_get_blocks,5,4,1,80.00%
pymatgen/io/lammps/inputs.py/LammpsRun,5,4,1,80.00%
pymatgen/io/lammps/inputs.py/__init__,10,7,3,70.00%
pymatgen/io/lammps/inputs.py/write_inputs,5,4,1,80.00%
pymatgen/io/lammps/inputs.py/md,5,4,1,80.00%
pymatgen/io/lammps/inputs.py/LammpsTemplateGen,5,4,1,80.00%
pymatgen/io/lammps/inputs.py/get_input_set,5,5,0,100.00%
pymatgen/io/lammps/inputs.py/write_lammps_inputs,5,3,2,60.00%
pymatgen/io/lammps/utils.py/Polymer,5,4,1,80.00%
pymatgen/io/lammps/utils.py/__init__,5,3,2,60.00%
pymatgen/io/lammps/utils.py/_create,5,3,2,60.00%
pymatgen/io/lammps/utils.py/_next_move_direction,4,4,0,100.00%
pymatgen/io/lammps/utils.py/_align_monomer,5,4,1,80.00%
pymatgen/io/lammps/utils.py/_add_monomer,5,4,1,80.00%
pymatgen/io/lammps/utils.py/PackmolRunner,5,4,1,80.00%
pymatgen/io/lammps/utils.py/__init__,10,7,3,70.00%
pymatgen/io/lammps/utils.py/_format_param_val,5,4,1,80.00%
pymatgen/io/lammps/utils.py/_set_box,4,2,2,50.00%
pymatgen/io/lammps/utils.py/_write_input,4,3,1,75.00%
pymatgen/io/lammps/utils.py/run,5,3,2,60.00%
pymatgen/io/lammps/utils.py/write_pdb,5,4,1,80.00%
pymatgen/io/lammps/utils.py/_set_residue_map,5,5,0,100.00%
pymatgen/io/lammps/utils.py/convert_obatoms_to_molecule,5,3,2,60.00%
pymatgen/io/lammps/utils.py/restore_site_properties,5,5,0,100.00%
pymatgen/io/lammps/utils.py/LammpsRunner,5,4,1,80.00%
pymatgen/io/lammps/utils.py/__init__,14,10,4,71.43%
pymatgen/io/lammps/utils.py/run,10,8,2,80.00%
pymatgen/io/lammps/sets.py/LammpsInputSet,5,5,0,100.00%
pymatgen/io/lammps/sets.py/__init__,5,4,1,80.00%
pymatgen/io/lammps/sets.py/from_directory,5,4,1,80.00%
pymatgen/io/lammps/sets.py/validate,5,5,0,100.00%
pymatgen/io/lammps/data.py/LammpsBox,5,5,0,100.00%
pymatgen/io/lammps/data.py/__init__,5,5,0,100.00%
pymatgen/io/lammps/data.py/__str__,5,4,1,80.00%
pymatgen/io/lammps/data.py/__repr__,5,4,1,80.00%
pymatgen/io/lammps/data.py/volume,4,4,0,100.00%
pymatgen/io/lammps/data.py/get_str,5,5,0,100.00%
pymatgen/io/lammps/data.py/get_box_shift,4,4,0,100.00%
pymatgen/io/lammps/data.py/to_lattice,5,5,0,100.00%
pymatgen/io/lammps/data.py/lattice_2_lmpbox,4,4,0,100.00%
pymatgen/io/lammps/data.py/LammpsData,5,4,1,80.00%
pymatgen/io/lammps/data.py/__init__,10,9,1,90.00%
pymatgen/io/lammps/data.py/__str__,10,9,1,90.00%
pymatgen/io/lammps/data.py/__repr__,10,9,1,90.00%
pymatgen/io/lammps/data.py/structure,5,3,2,60.00%
pymatgen/io/lammps/data.py/get_str,10,10,0,100.00%
pymatgen/io/lammps/data.py/map_coords,5,2,3,40.00%
pymatgen/io/lammps/data.py/map_velos,4,2,2,50.00%
pymatgen/io/lammps/data.py/map_charges,4,0,4,0.00%
pymatgen/io/lammps/data.py/write_file,5,5,0,100.00%
pymatgen/io/lammps/data.py/disassemble,5,5,0,100.00%
pymatgen/io/lammps/data.py/label_topo,4,2,2,50.00%
pymatgen/io/lammps/data.py/from_file,5,5,0,100.00%
pymatgen/io/lammps/data.py/parse_section,5,5,0,100.00%
pymatgen/io/lammps/data.py/from_ff_and_topologies,5,4,1,80.00%
pymatgen/io/lammps/data.py/from_structure,5,5,0,100.00%
pymatgen/io/lammps/data.py/set_charge_atom,4,3,1,75.00%
pymatgen/io/lammps/data.py/set_charge_atom_type,5,2,3,40.00%
pymatgen/io/lammps/data.py/Topology,5,4,1,80.00%
pymatgen/io/lammps/data.py/__init__,15,12,3,80.00%
pymatgen/io/lammps/data.py/from_bonding,5,5,0,100.00%
pymatgen/io/lammps/data.py/ForceField,5,2,3,40.00%
pymatgen/io/lammps/data.py/_is_valid,5,4,1,80.00%
pymatgen/io/lammps/data.py/__init__,20,14,6,70.00%
pymatgen/io/lammps/data.py/map_mass,5,3,2,60.00%
pymatgen/io/lammps/data.py/_process_nonbond,5,3,2,60.00%
pymatgen/io/lammps/data.py/_process_topo,5,5,0,100.00%
pymatgen/io/lammps/data.py/find_eq_types,5,4,1,80.00%
pymatgen/io/lammps/data.py/process_data,5,4,1,80.00%
pymatgen/io/lammps/data.py/to_file,4,3,1,75.00%
pymatgen/io/lammps/data.py/from_file,10,10,0,100.00%
pymatgen/io/lammps/data.py/from_dict,5,4,1,80.00%
pymatgen/io/lammps/data.py/CombinedData,5,3,2,60.00%
pymatgen/io/lammps/data.py/__init__,25,17,8,68.00%
pymatgen/io/lammps/data.py/structure,9,6,3,66.67%
pymatgen/io/lammps/data.py/disassemble,10,9,1,90.00%
pymatgen/io/lammps/data.py/from_ff_and_topologies,10,7,3,70.00%
pymatgen/io/lammps/data.py/from_structure,9,6,3,66.67%
pymatgen/io/lammps/data.py/parse_xyz,5,3,2,60.00%
pymatgen/io/lammps/data.py/from_files,5,4,1,80.00%
pymatgen/io/lammps/data.py/from_lammpsdata,5,5,0,100.00%
pymatgen/io/lammps/data.py/get_str,15,14,1,93.33%
pymatgen/io/lammps/data.py/as_lammpsdata,5,3,2,60.00%
pymatgen/io/lammps/outputs.py/LammpsDump,5,2,3,40.00%
pymatgen/io/lammps/outputs.py/__init__,5,1,4,20.00%
pymatgen/io/lammps/outputs.py/from_str,5,4,1,80.00%
pymatgen/io/lammps/outputs.py/from_dict,5,4,1,80.00%
pymatgen/io/lammps/outputs.py/as_dict,5,5,0,100.00%
pymatgen/io/lammps/outputs.py/parse_lammps_dumps,5,5,0,100.00%
pymatgen/io/lammps/outputs.py/parse_lammps_log,5,3,2,60.00%
pymatgen/io/lammps/outputs.py/_parse_thermo,5,5,0,100.00%
pymatgen/phonon/dos.py/PhononDos,5,4,1,80.00%
pymatgen/phonon/dos.py/__init__,5,5,0,100.00%
pymatgen/phonon/dos.py/get_smeared_densities,5,4,1,80.00%
pymatgen/phonon/dos.py/__add__,5,3,2,60.00%
pymatgen/phonon/dos.py/__sub__,4,3,1,75.00%
pymatgen/phonon/dos.py/__mul__,4,4,0,100.00%
pymatgen/phonon/dos.py/__neg__,4,4,0,100.00%
pymatgen/phonon/dos.py/__eq__,5,5,0,100.00%
pymatgen/phonon/dos.py/__repr__,5,5,0,100.00%
pymatgen/phonon/dos.py/get_interpolated_value,5,3,2,60.00%
pymatgen/phonon/dos.py/__str__,5,3,2,60.00%
pymatgen/phonon/dos.py/from_dict,5,5,0,100.00%
pymatgen/phonon/dos.py/as_dict,4,4,0,100.00%
pymatgen/phonon/dos.py/ind_zero_freq,5,4,1,80.00%
pymatgen/phonon/dos.py/_positive_frequencies,5,4,1,80.00%
pymatgen/phonon/dos.py/_positive_densities,5,5,0,100.00%
pymatgen/phonon/dos.py/cv,5,2,3,40.00%
pymatgen/phonon/dos.py/csch2,5,5,0,100.00%
pymatgen/phonon/dos.py/entropy,5,4,1,80.00%
pymatgen/phonon/dos.py/internal_energy,5,4,1,80.00%
pymatgen/phonon/dos.py/helmholtz_free_energy,5,4,1,80.00%
pymatgen/phonon/dos.py/zero_point_energy,5,5,0,100.00%
pymatgen/phonon/dos.py/mae,5,5,0,100.00%
pymatgen/phonon/dos.py/r2_score,5,4,1,80.00%
pymatgen/phonon/dos.py/get_last_peak,5,4,1,80.00%
pymatgen/phonon/dos.py/CompletePhononDos,5,3,2,60.00%
pymatgen/phonon/dos.py/__init__,10,9,1,90.00%
pymatgen/phonon/dos.py/get_site_dos,4,4,0,100.00%
pymatgen/phonon/dos.py/get_element_dos,5,3,2,60.00%
pymatgen/phonon/dos.py/from_dict,9,8,1,88.89%
pymatgen/phonon/dos.py/as_dict,9,8,1,88.89%
pymatgen/phonon/dos.py/__str__,9,7,2,77.78%
pymatgen/phonon/gruneisen.py/GruneisenParameter,5,2,3,40.00%
pymatgen/phonon/gruneisen.py/__init__,5,4,1,80.00%
pymatgen/phonon/gruneisen.py/average_gruneisen,5,4,1,80.00%
pymatgen/phonon/gruneisen.py/thermal_conductivity_slack,5,4,1,80.00%
pymatgen/phonon/gruneisen.py/tdos,5,4,1,80.00%
pymatgen/phonon/gruneisen.py/TempMesh,3,2,1,66.67%
pymatgen/phonon/gruneisen.py/phdos,4,2,2,50.00%
pymatgen/phonon/gruneisen.py/debye_temp_limit,5,5,0,100.00%
pymatgen/phonon/gruneisen.py/debye_temp_phonopy,5,2,3,40.00%
pymatgen/phonon/gruneisen.py/acoustic_debye_temp,5,4,1,80.00%
pymatgen/phonon/gruneisen.py/GruneisenPhononBandStructure,5,3,2,60.00%
pymatgen/phonon/gruneisen.py/__init__,10,7,3,70.00%
pymatgen/phonon/gruneisen.py/as_dict,5,5,0,100.00%
pymatgen/phonon/gruneisen.py/from_dict,5,3,2,60.00%
pymatgen/phonon/gruneisen.py/GruneisenPhononBandStructureSymmLine,5,3,2,60.00%
pymatgen/phonon/gruneisen.py/__init__,15,9,6,60.00%
pymatgen/phonon/gruneisen.py/from_dict,10,7,3,70.00%
pymatgen/phonon/ir_spectra.py/IRDielectricTensor,5,4,1,80.00%
pymatgen/phonon/ir_spectra.py/__init__,5,5,0,100.00%
pymatgen/phonon/ir_spectra.py/from_dict,5,5,0,100.00%
pymatgen/phonon/ir_spectra.py/max_phfreq,5,5,0,100.00%
pymatgen/phonon/ir_spectra.py/nph_freqs,5,4,1,80.00%
pymatgen/phonon/ir_spectra.py/as_dict,5,5,0,100.00%
pymatgen/phonon/ir_spectra.py/write_json,4,4,0,100.00%
pymatgen/phonon/ir_spectra.py/get_ir_spectra,5,5,0,100.00%
pymatgen/phonon/ir_spectra.py/plot,5,5,0,100.00%
pymatgen/phonon/ir_spectra.py/get_spectrum,5,4,1,80.00%
pymatgen/phonon/ir_spectra.py/get_plotter,5,5,0,100.00%
pymatgen/phonon/plotter.py/FreqUnits,4,3,1,75.00%
pymatgen/phonon/plotter.py/freq_units,5,5,0,100.00%
pymatgen/phonon/plotter.py/PhononDosPlotter,5,5,0,100.00%
pymatgen/phonon/plotter.py/__init__,5,5,0,100.00%
pymatgen/phonon/plotter.py/add_dos,5,3,2,60.00%
pymatgen/phonon/plotter.py/add_dos_dict,5,4,1,80.00%
pymatgen/phonon/plotter.py/get_dos_dict,5,4,1,80.00%
pymatgen/phonon/plotter.py/get_plot,5,3,2,60.00%
pymatgen/phonon/plotter.py/save_plot,5,5,0,100.00%
pymatgen/phonon/plotter.py/show,5,5,0,100.00%
pymatgen/phonon/plotter.py/PhononBSPlotter,5,4,1,80.00%
pymatgen/phonon/plotter.py/__init__,9,8,1,88.89%
pymatgen/phonon/plotter.py/n_bands,5,4,1,80.00%
pymatgen/phonon/plotter.py/_make_ticks,5,4,1,80.00%
pymatgen/phonon/plotter.py/bs_plot_data,4,3,1,75.00%
pymatgen/phonon/plotter.py/get_plot,10,8,2,80.00%
pymatgen/phonon/plotter.py/_get_weight,5,3,2,60.00%
pymatgen/phonon/plotter.py/_make_color,5,4,1,80.00%
pymatgen/phonon/plotter.py/get_proj_plot,5,4,1,80.00%
pymatgen/phonon/plotter.py/show,10,10,0,100.00%
pymatgen/phonon/plotter.py/save_plot,9,9,0,100.00%
pymatgen/phonon/plotter.py/show_proj,5,4,1,80.00%
pymatgen/phonon/plotter.py/get_ticks,5,4,1,80.00%
pymatgen/phonon/plotter.py/plot_compare,5,5,0,100.00%
pymatgen/phonon/plotter.py/plot_brillouin,5,4,1,80.00%
pymatgen/phonon/plotter.py/ThermoPlotter,5,4,1,80.00%
pymatgen/phonon/plotter.py/__init__,14,13,1,92.86%
pymatgen/phonon/plotter.py/_plot_thermo,5,5,0,100.00%
pymatgen/phonon/plotter.py/plot_cv,5,5,0,100.00%
pymatgen/phonon/plotter.py/plot_entropy,5,4,1,80.00%
pymatgen/phonon/plotter.py/plot_internal_energy,5,4,1,80.00%
pymatgen/phonon/plotter.py/plot_helmholtz_free_energy,5,5,0,100.00%
pymatgen/phonon/plotter.py/plot_thermodynamic_properties,5,3,2,60.00%
pymatgen/phonon/plotter.py/GruneisenPlotter,5,4,1,80.00%
pymatgen/phonon/plotter.py/__init__,18,17,1,94.44%
pymatgen/phonon/plotter.py/get_plot,15,12,3,80.00%
pymatgen/phonon/plotter.py/show,14,13,1,92.86%
pymatgen/phonon/plotter.py/save_plot,14,13,1,92.86%
pymatgen/phonon/plotter.py/GruneisenPhononBSPlotter,5,4,1,80.00%
pymatgen/phonon/plotter.py/__init__,22,21,1,95.45%
pymatgen/phonon/plotter.py/bs_plot_data,9,5,4,55.56%
pymatgen/phonon/plotter.py/get_plot_gs,5,4,1,80.00%
pymatgen/phonon/plotter.py/show_gs,5,4,1,80.00%
pymatgen/phonon/plotter.py/save_plot_gs,5,5,0,100.00%
pymatgen/phonon/plotter.py/plot_compare_gs,5,3,2,60.00%
pymatgen/phonon/bandstructure.py/get_reasonable_repetitions,5,2,3,40.00%
pymatgen/phonon/bandstructure.py/eigenvectors_from_displacements,5,4,1,80.00%
pymatgen/phonon/bandstructure.py/estimate_band_connection,5,3,2,60.00%
pymatgen/phonon/bandstructure.py/PhononBandStructure,5,5,0,100.00%
pymatgen/phonon/bandstructure.py/__init__,5,3,2,60.00%
pymatgen/phonon/bandstructure.py/get_gamma_point,4,3,1,75.00%
pymatgen/phonon/bandstructure.py/min_freq,5,4,1,80.00%
pymatgen/phonon/bandstructure.py/max_freq,5,5,0,100.00%
pymatgen/phonon/bandstructure.py/width,5,4,1,80.00%
pymatgen/phonon/bandstructure.py/has_imaginary_freq,5,3,2,60.00%
pymatgen/phonon/bandstructure.py/has_imaginary_gamma_freq,5,5,0,100.00%
pymatgen/phonon/bandstructure.py/has_nac,5,5,0,100.00%
pymatgen/phonon/bandstructure.py/has_eigendisplacements,5,5,0,100.00%
pymatgen/phonon/bandstructure.py/get_nac_frequencies_along_dir,5,1,4,20.00%
pymatgen/phonon/bandstructure.py/get_nac_eigendisplacements_along_dir,5,5,0,100.00%
pymatgen/phonon/bandstructure.py/asr_breaking,5,5,0,100.00%
pymatgen/phonon/bandstructure.py/as_dict,5,5,0,100.00%
pymatgen/phonon/bandstructure.py/from_dict,5,4,1,80.00%
pymatgen/phonon/bandstructure.py/PhononBandStructureSymmLine,5,4,1,80.00%
pymatgen/phonon/bandstructure.py/__init__,10,7,3,70.00%
pymatgen/phonon/bandstructure.py/__repr__,5,4,1,80.00%
pymatgen/phonon/bandstructure.py/_reuse_init,5,5,0,100.00%
pymatgen/phonon/bandstructure.py/get_equivalent_qpoints,5,3,2,60.00%
pymatgen/phonon/bandstructure.py/get_branch,4,4,0,100.00%
pymatgen/phonon/bandstructure.py/write_phononwebsite,4,2,2,50.00%
pymatgen/phonon/bandstructure.py/as_phononwebsite,5,4,1,80.00%
pymatgen/phonon/bandstructure.py/band_reorder,5,4,1,80.00%
pymatgen/phonon/bandstructure.py/as_dict,10,10,0,100.00%
pymatgen/phonon/bandstructure.py/from_dict,10,6,4,60.00%
pymatgen/phonon/bandstructure.py/__eq__,5,2,3,40.00%
pymatgen/phonon/thermal_displacements.py/ThermalDisplacementMatrices,5,4,1,80.00%
pymatgen/phonon/thermal_displacements.py/__init__,5,3,2,60.00%
pymatgen/phonon/thermal_displacements.py/get_full_matrix,5,4,1,80.00%
pymatgen/phonon/thermal_displacements.py/get_reduced_matrix,5,3,2,60.00%
pymatgen/phonon/thermal_displacements.py/Ustar,5,4,1,80.00%
pymatgen/phonon/thermal_displacements.py/Ucif,5,4,1,80.00%
pymatgen/phonon/thermal_displacements.py/B,5,4,1,80.00%
pymatgen/phonon/thermal_displacements.py/beta,5,3,2,60.00%
pymatgen/phonon/thermal_displacements.py/U1U2U3,5,4,1,80.00%
pymatgen/phonon/thermal_displacements.py/write_cif,4,3,1,75.00%
pymatgen/phonon/thermal_displacements.py/_angle_dot,5,3,2,60.00%
pymatgen/phonon/thermal_displacements.py/compute_directionality_quality_criterion,5,4,1,80.00%
pymatgen/phonon/thermal_displacements.py/visualize_directionality_quality_criterion,5,5,0,100.00%
pymatgen/phonon/thermal_displacements.py/ratio_prolate,5,4,1,80.00%
pymatgen/phonon/thermal_displacements.py/from_Ucif,5,3,2,60.00%
pymatgen/phonon/thermal_displacements.py/to_structure_with_site_properties_Ucif,5,4,1,80.00%
pymatgen/phonon/thermal_displacements.py/from_structure_with_site_properties_Ucif,5,5,0,100.00%
pymatgen/phonon/thermal_displacements.py/from_cif_P1,5,2,3,40.00%
pymatgen/cli/feff_plot_dos.py/main,5,5,0,100.00%
pymatgen/cli/pmg_structure.py/convert_fmt,5,3,2,60.00%
pymatgen/cli/pmg_structure.py/analyze_symmetry,5,4,1,80.00%
pymatgen/cli/pmg_structure.py/analyze_localenv,5,3,2,60.00%
pymatgen/cli/pmg_structure.py/compare_structures,5,5,0,100.00%
pymatgen/cli/pmg_structure.py/analyze_structures,5,5,0,100.00%
pymatgen/cli/pmg_plot.py/get_dos_plot,5,4,1,80.00%
pymatgen/cli/pmg_plot.py/get_chgint_plot,5,5,0,100.00%
pymatgen/cli/pmg_plot.py/get_xrd_plot,5,5,0,100.00%
pymatgen/cli/pmg_plot.py/plot,5,4,1,80.00%
pymatgen/cli/feff_plot_cross_section.py/main,5,4,1,80.00%
pymatgen/cli/pmg_potcar.py/proc_dir,5,4,1,80.00%
pymatgen/cli/pmg_potcar.py/gen_potcar,5,4,1,80.00%
pymatgen/cli/pmg_potcar.py/generate_potcar,5,4,1,80.00%
pymatgen/cli/pmg_analyze.py/get_energies,5,5,0,100.00%
pymatgen/cli/pmg_analyze.py/get_magnetizations,5,5,0,100.00%
pymatgen/cli/pmg_analyze.py/analyze,5,3,2,60.00%
pymatgen/cli/pmg_config.py/setup_cp2k_data,5,4,1,80.00%
pymatgen/cli/pmg_config.py/setup_potcars,5,4,1,80.00%
pymatgen/cli/pmg_config.py/build_enum,5,2,3,40.00%
pymatgen/cli/pmg_config.py/build_bader,5,3,2,60.00%
pymatgen/cli/pmg_config.py/install_software,5,5,0,100.00%
pymatgen/cli/pmg_config.py/add_config_var,5,4,1,80.00%
pymatgen/cli/pmg_config.py/configure_pmg,5,3,2,60.00%
pymatgen/cli/get_environment.py/main,5,5,0,100.00%
pymatgen/cli/pmg.py/parse_view,5,5,0,100.00%
pymatgen/cli/pmg.py/diff_incar,5,5,0,100.00%
pymatgen/cli/pmg.py/format_lists,5,1,4,20.00%
pymatgen/cli/pmg.py/main,5,5,0,100.00%
pymatgen/symmetry/analyzer.py/SymmetryUndetermined,5,5,0,100.00%
pymatgen/symmetry/analyzer.py/_get_symmetry_dataset,4,3,1,75.00%
pymatgen/symmetry/analyzer.py/SpacegroupAnalyzer,5,4,1,80.00%
pymatgen/symmetry/analyzer.py/__init__,5,4,1,80.00%
pymatgen/symmetry/analyzer.py/get_space_group_symbol,5,4,1,80.00%
pymatgen/symmetry/analyzer.py/get_space_group_number,5,4,1,80.00%
pymatgen/symmetry/analyzer.py/get_space_group_operations,5,5,0,100.00%
pymatgen/symmetry/analyzer.py/get_hall,5,5,0,100.00%
pymatgen/symmetry/analyzer.py/get_point_group_symbol,4,2,2,50.00%
pymatgen/symmetry/analyzer.py/get_crystal_system,5,4,1,80.00%
pymatgen/symmetry/analyzer.py/get_lattice_type,5,2,3,40.00%
pymatgen/symmetry/analyzer.py/get_symmetry_dataset,5,2,3,40.00%
pymatgen/symmetry/analyzer.py/_get_symmetry,5,4,1,80.00%
pymatgen/symmetry/analyzer.py/get_symmetry_operations,5,5,0,100.00%
pymatgen/symmetry/analyzer.py/get_point_group_operations,5,4,1,80.00%
pymatgen/symmetry/analyzer.py/get_symmetrized_structure,5,5,0,100.00%
pymatgen/symmetry/analyzer.py/get_refined_structure,5,4,1,80.00%
pymatgen/symmetry/analyzer.py/find_primitive,5,4,1,80.00%
pymatgen/symmetry/analyzer.py/get_ir_reciprocal_mesh,5,5,0,100.00%
pymatgen/symmetry/analyzer.py/get_ir_reciprocal_mesh_map,5,4,1,80.00%
pymatgen/symmetry/analyzer.py/get_conventional_to_primitive_transformation_matrix,5,5,0,100.00%
pymatgen/symmetry/analyzer.py/get_primitive_standard_structure,5,5,0,100.00%
pymatgen/symmetry/analyzer.py/get_conventional_standard_structure,5,5,0,100.00%
pymatgen/symmetry/analyzer.py/is_all_acute_or_obtuse,5,4,1,80.00%
pymatgen/symmetry/analyzer.py/get_kpoint_weights,5,5,0,100.00%
pymatgen/symmetry/analyzer.py/is_laue,5,4,1,80.00%
pymatgen/symmetry/analyzer.py/PointGroupAnalyzer,5,5,0,100.00%
pymatgen/symmetry/analyzer.py/__init__,10,8,2,80.00%
pymatgen/symmetry/analyzer.py/_analyze,5,4,1,80.00%
pymatgen/symmetry/analyzer.py/_proc_linear,5,5,0,100.00%
pymatgen/symmetry/analyzer.py/_proc_asym_top,5,5,0,100.00%
pymatgen/symmetry/analyzer.py/_proc_sym_top,5,5,0,100.00%
pymatgen/symmetry/analyzer.py/_proc_no_rot_sym,5,4,1,80.00%
pymatgen/symmetry/analyzer.py/_proc_cyclic,5,5,0,100.00%
pymatgen/symmetry/analyzer.py/_proc_dihedral,5,5,0,100.00%
pymatgen/symmetry/analyzer.py/_check_R2_axes_asym,5,3,2,60.00%
pymatgen/symmetry/analyzer.py/_find_mirror,5,5,0,100.00%
pymatgen/symmetry/analyzer.py/_get_smallest_set_not_on_axis,4,4,0,100.00%
pymatgen/symmetry/analyzer.py/not_on_axis,5,5,0,100.00%
pymatgen/symmetry/analyzer.py/_check_rot_sym,5,4,1,80.00%
pymatgen/symmetry/analyzer.py/_check_perpendicular_r2_axis,5,5,0,100.00%
pymatgen/symmetry/analyzer.py/_proc_sph_top,5,5,0,100.00%
pymatgen/symmetry/analyzer.py/_find_spherical_axes,5,3,2,60.00%
pymatgen/symmetry/analyzer.py/get_pointgroup,4,4,0,100.00%
pymatgen/symmetry/analyzer.py/get_symmetry_operations,10,9,1,90.00%
pymatgen/symmetry/analyzer.py/get_rotational_symmetry_number,5,4,1,80.00%
pymatgen/symmetry/analyzer.py/is_valid_op,5,4,1,80.00%
pymatgen/symmetry/analyzer.py/_get_eq_sets,5,5,0,100.00%
pymatgen/symmetry/analyzer.py/get_clustered_indices,5,4,1,80.00%
pymatgen/symmetry/analyzer.py/_combine_eq_sets,5,3,2,60.00%
pymatgen/symmetry/analyzer.py/all_equivalent_atoms_of_i,5,4,1,80.00%
pymatgen/symmetry/analyzer.py/get_equivalent_atoms,4,4,0,100.00%
pymatgen/symmetry/analyzer.py/symmetrize_molecule,5,5,0,100.00%
pymatgen/symmetry/analyzer.py/iterative_symmetrize,5,5,0,100.00%
pymatgen/symmetry/analyzer.py/cluster_sites,5,5,0,100.00%
pymatgen/symmetry/analyzer.py/generate_full_symmops,5,4,1,80.00%
pymatgen/symmetry/analyzer.py/SpacegroupOperations,5,5,0,100.00%
pymatgen/symmetry/analyzer.py/__init__,15,13,2,86.67%
pymatgen/symmetry/analyzer.py/__str__,5,5,0,100.00%
pymatgen/symmetry/analyzer.py/are_symmetrically_equivalent,5,4,1,80.00%
pymatgen/symmetry/analyzer.py/in_sites,5,5,0,100.00%
pymatgen/symmetry/analyzer.py/PointGroupOperations,5,4,1,80.00%
pymatgen/symmetry/analyzer.py/__init__,20,18,2,90.00%
pymatgen/symmetry/analyzer.py/__repr__,5,5,0,100.00%
pymatgen/symmetry/kpath.py/KPathBase,5,5,0,100.00%
pymatgen/symmetry/kpath.py/__init__,5,5,0,100.00%
pymatgen/symmetry/kpath.py/structure,5,4,1,80.00%
pymatgen/symmetry/kpath.py/lattice,5,3,2,60.00%
pymatgen/symmetry/kpath.py/rec_lattice,5,5,0,100.00%
pymatgen/symmetry/kpath.py/kpath,5,3,2,60.00%
pymatgen/symmetry/kpath.py/get_kpoints,5,4,1,80.00%
pymatgen/symmetry/kpath.py/KPathSetyawanCurtarolo,5,4,1,80.00%
pymatgen/symmetry/kpath.py/__init__,10,8,2,80.00%
pymatgen/symmetry/kpath.py/conventional,4,3,1,75.00%
pymatgen/symmetry/kpath.py/prim,5,3,2,60.00%
pymatgen/symmetry/kpath.py/prim_rec,4,3,1,75.00%
pymatgen/symmetry/kpath.py/cubic,5,4,1,80.00%
pymatgen/symmetry/kpath.py/fcc,4,4,0,100.00%
pymatgen/symmetry/kpath.py/bcc,5,3,2,60.00%
pymatgen/symmetry/kpath.py/tet,5,4,1,80.00%
pymatgen/symmetry/kpath.py/bctet1,5,4,1,80.00%
pymatgen/symmetry/kpath.py/bctet2,5,5,0,100.00%
pymatgen/symmetry/kpath.py/orc,5,4,1,80.00%
pymatgen/symmetry/kpath.py/orcf1,5,4,1,80.00%
pymatgen/symmetry/kpath.py/orcf2,5,4,1,80.00%
pymatgen/symmetry/kpath.py/orcf3,5,4,1,80.00%
pymatgen/symmetry/kpath.py/orci,5,3,2,60.00%
pymatgen/symmetry/kpath.py/orcc,5,5,0,100.00%
pymatgen/symmetry/kpath.py/hex,5,5,0,100.00%
pymatgen/symmetry/kpath.py/rhl1,5,3,2,60.00%
pymatgen/symmetry/kpath.py/rhl2,5,5,0,100.00%
pymatgen/symmetry/kpath.py/mcl,5,4,1,80.00%
pymatgen/symmetry/kpath.py/mclc1,5,2,3,40.00%
pymatgen/symmetry/kpath.py/mclc2,5,5,0,100.00%
pymatgen/symmetry/kpath.py/mclc3,4,4,0,100.00%
pymatgen/symmetry/kpath.py/mclc4,5,5,0,100.00%
pymatgen/symmetry/kpath.py/mclc5,5,3,2,60.00%
pymatgen/symmetry/kpath.py/tria,5,5,0,100.00%
pymatgen/symmetry/kpath.py/trib,5,3,2,60.00%
pymatgen/symmetry/kpath.py/KPathSeek,5,4,1,80.00%
pymatgen/symmetry/kpath.py/__init__,15,13,2,86.67%
pymatgen/symmetry/kpath.py/_trans_sc_to_Hin,4,3,1,75.00%
pymatgen/symmetry/kpath.py/KPathLatimerMunro,5,4,1,80.00%
pymatgen/symmetry/kpath.py/__init__,20,18,2,90.00%
pymatgen/symmetry/kpath.py/mag_type,5,5,0,100.00%
pymatgen/symmetry/kpath.py/_get_ksymm_kpath,5,5,0,100.00%
pymatgen/symmetry/kpath.py/_choose_path,5,5,0,100.00%
pymatgen/symmetry/kpath.py/_get_key_points,5,5,0,100.00%
pymatgen/symmetry/kpath.py/_get_key_point_orbits,5,5,0,100.00%
pymatgen/symmetry/kpath.py/_get_key_lines,5,4,1,80.00%
pymatgen/symmetry/kpath.py/_get_key_line_orbits,5,4,1,80.00%
pymatgen/symmetry/kpath.py/_get_little_groups,4,3,1,75.00%
pymatgen/symmetry/kpath.py/_convert_all_magmoms_to_vectors,4,4,0,100.00%
pymatgen/symmetry/kpath.py/_get_magnetic_symmetry_operations,5,5,0,100.00%
pymatgen/symmetry/kpath.py/_get_reciprocal_point_group,4,4,0,100.00%
pymatgen/symmetry/kpath.py/_closewrapped,5,4,1,80.00%
pymatgen/symmetry/kpath.py/_get_coset_factor,5,5,0,100.00%
pymatgen/symmetry/kpath.py/_apply_op_to_magmom,5,4,1,80.00%
pymatgen/symmetry/kpath.py/_all_ints,5,5,0,100.00%
pymatgen/symmetry/kpath.py/_get_IRBZ,5,4,1,80.00%
pymatgen/symmetry/kpath.py/find_face_center,5,4,1,80.00%
pymatgen/symmetry/kpath.py/_get_reciprocal_point_group_dict,5,5,0,100.00%
pymatgen/symmetry/kpath.py/_op_maps_IRBZ_to_self,5,4,1,80.00%
pymatgen/symmetry/kpath.py/_reduce_IRBZ,5,4,1,80.00%
pymatgen/symmetry/kpath.py/_get_orbit_labels,5,5,0,100.00%
pymatgen/symmetry/kpath.py/_reduce_cosines_array,5,4,1,80.00%
pymatgen/symmetry/kpath.py/_get_max_cosine_labels,5,5,0,100.00%
pymatgen/symmetry/kpath.py/label_points,5,5,0,100.00%
pymatgen/symmetry/kpath.py/label_symbol,5,4,1,80.00%
pymatgen/symmetry/site_symmetries.py/get_site_symmetries,5,5,0,100.00%
pymatgen/symmetry/site_symmetries.py/get_shared_symmetry_operations,5,5,0,100.00%
pymatgen/symmetry/groups.py/SymmetryGroup,5,3,2,60.00%
pymatgen/symmetry/groups.py/symmetry_ops,5,3,2,60.00%
pymatgen/symmetry/groups.py/__contains__,5,4,1,80.00%
pymatgen/symmetry/groups.py/__hash__,5,2,3,40.00%
pymatgen/symmetry/groups.py/__getitem__,4,4,0,100.00%
pymatgen/symmetry/groups.py/__getitem__,8,6,2,75.00%
pymatgen/symmetry/groups.py/__getitem__,12,9,3,75.00%
pymatgen/symmetry/groups.py/__len__,5,5,0,100.00%
pymatgen/symmetry/groups.py/is_subgroup,5,4,1,80.00%
pymatgen/symmetry/groups.py/is_supergroup,5,5,0,100.00%
pymatgen/symmetry/groups.py/to_latex_string,5,3,2,60.00%
pymatgen/symmetry/groups.py/PointGroup,5,5,0,100.00%
pymatgen/symmetry/groups.py/__init__,5,5,0,100.00%
pymatgen/symmetry/groups.py/symmetry_ops,10,8,2,80.00%
pymatgen/symmetry/groups.py/_generate_full_symmetry_ops,4,4,0,100.00%
pymatgen/symmetry/groups.py/get_orbit,5,4,1,80.00%
pymatgen/symmetry/groups.py/from_space_group,5,3,2,60.00%
pymatgen/symmetry/groups.py/SpaceGroup,5,4,1,80.00%
pymatgen/symmetry/groups.py/__init__,10,9,1,90.00%
pymatgen/symmetry/groups.py/_generate_full_symmetry_ops,9,9,0,100.00%
pymatgen/symmetry/groups.py/get_settings,5,2,3,40.00%
pymatgen/symmetry/groups.py/symmetry_ops,15,13,2,86.67%
pymatgen/symmetry/groups.py/get_orbit,10,9,1,90.00%
pymatgen/symmetry/groups.py/get_orbit_and_generators,5,5,0,100.00%
pymatgen/symmetry/groups.py/is_compatible,5,3,2,60.00%
pymatgen/symmetry/groups.py/check,5,4,1,80.00%
pymatgen/symmetry/groups.py/crystal_system,5,3,2,60.00%
pymatgen/symmetry/groups.py/is_subgroup,10,9,1,90.00%
pymatgen/symmetry/groups.py/is_supergroup,10,10,0,100.00%
pymatgen/symmetry/groups.py/from_int_number,5,4,1,80.00%
pymatgen/symmetry/groups.py/__repr__,5,5,0,100.00%
pymatgen/symmetry/groups.py/__str__,5,5,0,100.00%
pymatgen/symmetry/groups.py/to_pretty_string,5,2,3,40.00%
pymatgen/symmetry/groups.py/sg_symbol_from_int_number,5,5,0,100.00%
pymatgen/symmetry/groups.py/in_array_list,5,5,0,100.00%
pymatgen/symmetry/structure.py/SymmetrizedStructure,5,4,1,80.00%
pymatgen/symmetry/structure.py/__init__,5,4,1,80.00%
pymatgen/symmetry/structure.py/copy,4,2,2,50.00%
pymatgen/symmetry/structure.py/find_equivalent_sites,5,4,1,80.00%
pymatgen/symmetry/structure.py/__repr__,5,4,1,80.00%
pymatgen/symmetry/structure.py/__str__,5,5,0,100.00%
pymatgen/symmetry/structure.py/as_dict,5,2,3,40.00%
pymatgen/symmetry/structure.py/from_dict,4,2,2,50.00%
pymatgen/symmetry/settings.py/JonesFaithfulTransformation,5,5,0,100.00%
pymatgen/symmetry/settings.py/__init__,4,3,1,75.00%
pymatgen/symmetry/settings.py/from_transformation_str,4,4,0,100.00%
pymatgen/symmetry/settings.py/from_origin_shift,5,3,2,60.00%
pymatgen/symmetry/settings.py/parse_transformation_string,5,4,1,80.00%
pymatgen/symmetry/settings.py/P,5,4,1,80.00%
pymatgen/symmetry/settings.py/p,5,1,4,20.00%
pymatgen/symmetry/settings.py/inverse,5,5,0,100.00%
pymatgen/symmetry/settings.py/transformation_string,4,3,1,75.00%
pymatgen/symmetry/settings.py/_get_transformation_string_from_Pp,5,3,2,60.00%
pymatgen/symmetry/settings.py/transform_symmop,5,5,0,100.00%
pymatgen/symmetry/settings.py/transform_coords,5,4,1,80.00%
pymatgen/symmetry/settings.py/transform_lattice,4,4,0,100.00%
pymatgen/symmetry/settings.py/__eq__,5,5,0,100.00%
pymatgen/symmetry/settings.py/__str__,4,4,0,100.00%
pymatgen/symmetry/settings.py/__repr__,4,4,0,100.00%
pymatgen/symmetry/maggroups.py/MagneticSpaceGroup,5,5,0,100.00%
pymatgen/symmetry/maggroups.py/__init__,5,4,1,80.00%
pymatgen/symmetry/maggroups.py/_get_point_operator,5,4,1,80.00%
pymatgen/symmetry/maggroups.py/_parse_operators,5,3,2,60.00%
pymatgen/symmetry/maggroups.py/_parse_wyckoff,5,3,2,60.00%
pymatgen/symmetry/maggroups.py/get_label,5,3,2,60.00%
pymatgen/symmetry/maggroups.py/_parse_lattice,5,4,1,80.00%
pymatgen/symmetry/maggroups.py/_parse_transformation,5,5,0,100.00%
pymatgen/symmetry/maggroups.py/from_og,5,2,3,40.00%
pymatgen/symmetry/maggroups.py/__eq__,5,5,0,100.00%
pymatgen/symmetry/maggroups.py/crystal_system,5,4,1,80.00%
pymatgen/symmetry/maggroups.py/sg_symbol,4,4,0,100.00%
pymatgen/symmetry/maggroups.py/symmetry_ops,4,4,0,100.00%
pymatgen/symmetry/maggroups.py/get_orbit,5,4,1,80.00%
pymatgen/symmetry/maggroups.py/is_compatible,5,2,3,40.00%
pymatgen/symmetry/maggroups.py/check,5,4,1,80.00%
pymatgen/symmetry/maggroups.py/data_str,5,4,1,80.00%
pymatgen/symmetry/maggroups.py/__str__,4,3,1,75.00%
pymatgen/symmetry/maggroups.py/_write_all_magnetic_space_groups_to_file,4,3,1,75.00%
pymatgen/symmetry/bandstructure.py/HighSymmKpath,5,4,1,80.00%
pymatgen/symmetry/bandstructure.py/__init__,5,4,1,80.00%
pymatgen/symmetry/bandstructure.py/path_type,5,4,1,80.00%
pymatgen/symmetry/bandstructure.py/label_index,4,4,0,100.00%
pymatgen/symmetry/bandstructure.py/equiv_labels,4,3,1,75.00%
pymatgen/symmetry/bandstructure.py/path_lengths,5,3,2,60.00%
pymatgen/symmetry/bandstructure.py/_get_lm_kpath,5,4,1,80.00%
pymatgen/symmetry/bandstructure.py/_get_sc_kpath,5,5,0,100.00%
pymatgen/symmetry/bandstructure.py/_get_hin_kpath,5,5,0,100.00%
pymatgen/symmetry/bandstructure.py/_get_klabels,5,4,1,80.00%
pymatgen/symmetry/bandstructure.py/get_continuous_path,5,4,1,80.00%
pymatgen/vis/structure_vtk.py/StructureVis,5,4,1,80.00%
pymatgen/vis/structure_vtk.py/__init__,5,4,1,80.00%
pymatgen/vis/structure_vtk.py/rotate_view,5,2,3,40.00%
pymatgen/vis/structure_vtk.py/write_image,5,5,0,100.00%
pymatgen/vis/structure_vtk.py/redraw,5,4,1,80.00%
pymatgen/vis/structure_vtk.py/orthogonalize_structure,5,3,2,60.00%
pymatgen/vis/structure_vtk.py/display_help,5,4,1,80.00%
pymatgen/vis/structure_vtk.py/set_structure,5,4,1,80.00%
pymatgen/vis/structure_vtk.py/contains_anion,4,3,1,75.00%
pymatgen/vis/structure_vtk.py/zoom,5,5,0,100.00%
pymatgen/vis/structure_vtk.py/show,5,4,1,80.00%
pymatgen/vis/structure_vtk.py/add_site,5,3,2,60.00%
pymatgen/vis/structure_vtk.py/add_partial_sphere,5,3,2,60.00%
pymatgen/vis/structure_vtk.py/add_text,5,5,0,100.00%
pymatgen/vis/structure_vtk.py/add_line,5,4,1,80.00%
pymatgen/vis/structure_vtk.py/add_polyhedron,5,4,1,80.00%
pymatgen/vis/structure_vtk.py/add_triangle,5,5,0,100.00%
pymatgen/vis/structure_vtk.py/add_faces,5,3,2,60.00%
pymatgen/vis/structure_vtk.py/add_edges,5,4,1,80.00%
pymatgen/vis/structure_vtk.py/add_bonds,5,5,0,100.00%
pymatgen/vis/structure_vtk.py/add_picker_fixed,5,5,0,100.00%
pymatgen/vis/structure_vtk.py/annotate_pick,5,5,0,100.00%
pymatgen/vis/structure_vtk.py/add_picker,5,4,1,80.00%
pymatgen/vis/structure_vtk.py/annotate_pick,10,10,0,100.00%
pymatgen/vis/structure_vtk.py/StructureInteractorStyle,5,5,0,100.00%
pymatgen/vis/structure_vtk.py/__init__,10,9,1,90.00%
pymatgen/vis/structure_vtk.py/leftButtonPressEvent,4,4,0,100.00%
pymatgen/vis/structure_vtk.py/mouseMoveEvent,4,4,0,100.00%
pymatgen/vis/structure_vtk.py/leftButtonReleaseEvent,5,5,0,100.00%
pymatgen/vis/structure_vtk.py/keyPressEvent,5,4,1,80.00%
pymatgen/vis/structure_vtk.py/make_movie,5,5,0,100.00%
pymatgen/vis/structure_vtk.py/MultiStructuresVis,5,5,0,100.00%
pymatgen/vis/structure_vtk.py/__init__,15,14,1,93.33%
pymatgen/vis/structure_vtk.py/set_structures,5,3,2,60.00%
pymatgen/vis/structure_vtk.py/set_structure,10,9,1,90.00%
pymatgen/vis/structure_vtk.py/apply_tags,5,5,0,100.00%
pymatgen/vis/structure_vtk.py/set_animated_movie_options,4,3,1,75.00%
pymatgen/vis/structure_vtk.py/display_help,10,9,1,90.00%
pymatgen/vis/structure_vtk.py/display_warning,5,3,2,60.00%
pymatgen/vis/structure_vtk.py/erase_warning,4,4,0,100.00%
pymatgen/vis/structure_vtk.py/display_info,5,3,2,60.00%
pymatgen/vis/structure_vtk.py/erase_info,5,4,1,80.00%
pymatgen/vis/structure_vtk.py/MultiStructuresInteractorStyle,5,5,0,100.00%
pymatgen/vis/structure_vtk.py/__init__,19,18,1,94.74%
pymatgen/vis/structure_vtk.py/keyPressEvent,10,7,3,70.00%
pymatgen/vis/plotters.py/SpectrumPlotter,5,4,1,80.00%
pymatgen/vis/plotters.py/__init__,5,5,0,100.00%
pymatgen/vis/plotters.py/add_spectrum,4,3,1,75.00%
pymatgen/vis/plotters.py/add_spectra,5,4,1,80.00%
pymatgen/vis/plotters.py/get_plot,5,4,1,80.00%
pymatgen/vis/plotters.py/save_plot,4,2,2,50.00%
pymatgen/vis/plotters.py/show,4,4,0,100.00%
pymatgen/vis/structure_chemview.py/quick_view,5,4,1,80.00%
pymatgen/electronic_structure/cohp.py/Cohp,5,5,0,100.00%
pymatgen/electronic_structure/cohp.py/__init__,5,4,1,80.00%
pymatgen/electronic_structure/cohp.py/__repr__,5,5,0,100.00%
pymatgen/electronic_structure/cohp.py/as_dict,5,5,0,100.00%
pymatgen/electronic_structure/cohp.py/get_cohp,4,4,0,100.00%
pymatgen/electronic_structure/cohp.py/get_icohp,5,5,0,100.00%
pymatgen/electronic_structure/cohp.py/get_interpolated_value,5,4,1,80.00%
pymatgen/electronic_structure/cohp.py/has_antibnd_states_below_efermi,5,4,1,80.00%
pymatgen/electronic_structure/cohp.py/from_dict,5,5,0,100.00%
pymatgen/electronic_structure/cohp.py/CompleteCohp,5,4,1,80.00%
pymatgen/electronic_structure/cohp.py/__init__,10,9,1,90.00%
pymatgen/electronic_structure/cohp.py/__str__,4,3,1,75.00%
pymatgen/electronic_structure/cohp.py/as_dict,10,10,0,100.00%
pymatgen/electronic_structure/cohp.py/get_cohp_by_label,5,5,0,100.00%
pymatgen/electronic_structure/cohp.py/get_summed_cohp_by_label_list,5,5,0,100.00%
pymatgen/electronic_structure/cohp.py/get_summed_cohp_by_label_and_orbital_list,5,3,2,60.00%
pymatgen/electronic_structure/cohp.py/get_orbital_resolved_cohp,4,3,1,75.00%
pymatgen/electronic_structure/cohp.py/from_dict,10,9,1,90.00%
pymatgen/electronic_structure/cohp.py/from_file,5,4,1,80.00%
pymatgen/electronic_structure/cohp.py/IcohpValue,5,5,0,100.00%
pymatgen/electronic_structure/cohp.py/__init__,15,14,1,93.33%
pymatgen/electronic_structure/cohp.py/__str__,8,6,2,75.00%
pymatgen/electronic_structure/cohp.py/num_bonds,4,3,1,75.00%
pymatgen/electronic_structure/cohp.py/are_coops,4,4,0,100.00%
pymatgen/electronic_structure/cohp.py/are_cobis,5,4,1,80.00%
pymatgen/electronic_structure/cohp.py/is_spin_polarized,4,4,0,100.00%
pymatgen/electronic_structure/cohp.py/icohpvalue,5,4,1,80.00%
pymatgen/electronic_structure/cohp.py/icohpvalue_orbital,5,5,0,100.00%
pymatgen/electronic_structure/cohp.py/icohp,5,5,0,100.00%
pymatgen/electronic_structure/cohp.py/summed_icohp,5,1,4,20.00%
pymatgen/electronic_structure/cohp.py/summed_orbital_icohp,5,5,0,100.00%
pymatgen/electronic_structure/cohp.py/IcohpCollection,5,4,1,80.00%
pymatgen/electronic_structure/cohp.py/__init__,20,18,2,90.00%
pymatgen/electronic_structure/cohp.py/__str__,13,11,2,84.62%
pymatgen/electronic_structure/cohp.py/get_icohp_by_label,5,4,1,80.00%
pymatgen/electronic_structure/cohp.py/get_summed_icohp_by_label_list,5,4,1,80.00%
pymatgen/electronic_structure/cohp.py/get_icohp_dict_by_bondlengths,5,5,0,100.00%
pymatgen/electronic_structure/cohp.py/get_icohp_dict_of_site,5,4,1,80.00%
pymatgen/electronic_structure/cohp.py/extremum_icohpvalue,5,5,0,100.00%
pymatgen/electronic_structure/cohp.py/is_spin_polarized,9,9,0,100.00%
pymatgen/electronic_structure/cohp.py/are_coops,9,9,0,100.00%
pymatgen/electronic_structure/cohp.py/are_cobis,9,8,1,88.89%
pymatgen/electronic_structure/cohp.py/get_integrated_cohp_in_energy_range,5,4,1,80.00%
pymatgen/electronic_structure/dos.py/DOS,5,4,1,80.00%
pymatgen/electronic_structure/dos.py/__init__,5,3,2,60.00%
pymatgen/electronic_structure/dos.py/__str__,5,4,1,80.00%
pymatgen/electronic_structure/dos.py/get_interpolated_gap,5,3,2,60.00%
pymatgen/electronic_structure/dos.py/get_cbm_vbm,5,5,0,100.00%
pymatgen/electronic_structure/dos.py/get_gap,5,4,1,80.00%
pymatgen/electronic_structure/dos.py/Dos,5,4,1,80.00%
pymatgen/electronic_structure/dos.py/__init__,10,8,2,80.00%
pymatgen/electronic_structure/dos.py/__add__,5,4,1,80.00%
pymatgen/electronic_structure/dos.py/__str__,10,8,2,80.00%
pymatgen/electronic_structure/dos.py/get_densities,5,4,1,80.00%
pymatgen/electronic_structure/dos.py/get_smeared_densities,5,5,0,100.00%
pymatgen/electronic_structure/dos.py/get_interpolated_value,4,3,1,75.00%
pymatgen/electronic_structure/dos.py/get_interpolated_gap,10,6,4,60.00%
pymatgen/electronic_structure/dos.py/get_cbm_vbm,10,9,1,90.00%
pymatgen/electronic_structure/dos.py/get_gap,10,9,1,90.00%
pymatgen/electronic_structure/dos.py/from_dict,5,3,2,60.00%
pymatgen/electronic_structure/dos.py/as_dict,5,4,1,80.00%
pymatgen/electronic_structure/dos.py/FermiDos,5,5,0,100.00%
pymatgen/electronic_structure/dos.py/__init__,15,13,2,86.67%
pymatgen/electronic_structure/dos.py/get_doping,5,3,2,60.00%
pymatgen/electronic_structure/dos.py/get_fermi,5,3,2,60.00%
pymatgen/electronic_structure/dos.py/get_fermi_interextrapolated,5,4,1,80.00%
pymatgen/electronic_structure/dos.py/from_dict,10,7,3,70.00%
pymatgen/electronic_structure/dos.py/as_dict,10,9,1,90.00%
pymatgen/electronic_structure/dos.py/FingerPrint,5,4,1,80.00%
pymatgen/electronic_structure/dos.py/CompleteDos,5,4,1,80.00%
pymatgen/electronic_structure/dos.py/__init__,20,17,3,85.00%
pymatgen/electronic_structure/dos.py/__str__,15,12,3,80.00%
pymatgen/electronic_structure/dos.py/get_normalized,4,4,0,100.00%
pymatgen/electronic_structure/dos.py/get_site_orbital_dos,5,5,0,100.00%
pymatgen/electronic_structure/dos.py/get_site_dos,4,4,0,100.00%
pymatgen/electronic_structure/dos.py/get_site_spd_dos,5,3,2,60.00%
pymatgen/electronic_structure/dos.py/get_site_t2g_eg_resolved_dos,4,3,1,75.00%
pymatgen/electronic_structure/dos.py/get_spd_dos,5,4,1,80.00%
pymatgen/electronic_structure/dos.py/get_element_dos,5,5,0,100.00%
pymatgen/electronic_structure/dos.py/get_element_spd_dos,5,5,0,100.00%
pymatgen/electronic_structure/dos.py/spin_polarization,5,2,3,40.00%
pymatgen/electronic_structure/dos.py/get_band_filling,5,5,0,100.00%
pymatgen/electronic_structure/dos.py/get_band_center,5,5,0,100.00%
pymatgen/electronic_structure/dos.py/get_band_width,5,4,1,80.00%
pymatgen/electronic_structure/dos.py/get_band_skewness,5,5,0,100.00%
pymatgen/electronic_structure/dos.py/get_band_kurtosis,5,4,1,80.00%
pymatgen/electronic_structure/dos.py/get_n_moment,5,3,2,60.00%
pymatgen/electronic_structure/dos.py/get_hilbert_transform,5,5,0,100.00%
pymatgen/electronic_structure/dos.py/get_upper_band_edge,5,5,0,100.00%
pymatgen/electronic_structure/dos.py/get_dos_fp,5,4,1,80.00%
pymatgen/electronic_structure/dos.py/fp_to_dict,5,3,2,60.00%
pymatgen/electronic_structure/dos.py/get_dos_fp_similarity,5,4,1,80.00%
pymatgen/electronic_structure/dos.py/from_dict,14,9,5,64.29%
pymatgen/electronic_structure/dos.py/as_dict,15,14,1,93.33%
pymatgen/electronic_structure/dos.py/LobsterCompleteDos,5,5,0,100.00%
pymatgen/electronic_structure/dos.py/get_site_orbital_dos,10,9,1,90.00%
pymatgen/electronic_structure/dos.py/get_site_t2g_eg_resolved_dos,9,7,2,77.78%
pymatgen/electronic_structure/dos.py/get_spd_dos,10,9,1,90.00%
pymatgen/electronic_structure/dos.py/get_element_spd_dos,10,9,1,90.00%
pymatgen/electronic_structure/dos.py/from_dict,19,13,6,68.42%
pymatgen/electronic_structure/dos.py/add_densities,5,4,1,80.00%
pymatgen/electronic_structure/dos.py/_get_orb_type,5,5,0,100.00%
pymatgen/electronic_structure/dos.py/f0,5,5,0,100.00%
pymatgen/electronic_structure/dos.py/_get_orb_type_lobster,5,2,3,40.00%
pymatgen/electronic_structure/dos.py/_get_orb_lobster,5,2,3,40.00%
pymatgen/electronic_structure/boltztrap.py/BoltztrapRunner,5,5,0,100.00%
pymatgen/electronic_structure/boltztrap.py/__init__,5,4,1,80.00%
pymatgen/electronic_structure/boltztrap.py/_auto_set_energy_range,4,2,2,50.00%
pymatgen/electronic_structure/boltztrap.py/bs,5,5,0,100.00%
pymatgen/electronic_structure/boltztrap.py/nelec,4,3,1,75.00%
pymatgen/electronic_structure/boltztrap.py/write_energy,5,3,2,60.00%
pymatgen/electronic_structure/boltztrap.py/write_struct,5,4,1,80.00%
pymatgen/electronic_structure/boltztrap.py/write_def,5,5,0,100.00%
pymatgen/electronic_structure/boltztrap.py/write_proj,5,5,0,100.00%
pymatgen/electronic_structure/boltztrap.py/write_intrans,5,5,0,100.00%
pymatgen/electronic_structure/boltztrap.py/write_input,5,4,1,80.00%
pymatgen/electronic_structure/boltztrap.py/run,5,2,3,40.00%
pymatgen/electronic_structure/boltztrap.py/as_dict,5,5,0,100.00%
pymatgen/electronic_structure/boltztrap.py/BoltztrapError,5,3,2,60.00%
pymatgen/electronic_structure/boltztrap.py/BoltztrapAnalyzer,5,5,0,100.00%
pymatgen/electronic_structure/boltztrap.py/__init__,10,9,1,90.00%
pymatgen/electronic_structure/boltztrap.py/get_symm_bands,5,5,0,100.00%
pymatgen/electronic_structure/boltztrap.py/check_acc_bzt_bands,5,4,1,80.00%
pymatgen/electronic_structure/boltztrap.py/get_seebeck,5,4,1,80.00%
pymatgen/electronic_structure/boltztrap.py/get_conductivity,5,3,2,60.00%
pymatgen/electronic_structure/boltztrap.py/get_power_factor,5,4,1,80.00%
pymatgen/electronic_structure/boltztrap.py/get_thermal_conductivity,5,4,1,80.00%
pymatgen/electronic_structure/boltztrap.py/get_zt,5,4,1,80.00%
pymatgen/electronic_structure/boltztrap.py/get_average_eff_mass,5,4,1,80.00%
pymatgen/electronic_structure/boltztrap.py/get_seebeck_eff_mass,5,5,0,100.00%
pymatgen/electronic_structure/boltztrap.py/get_complexity_factor,5,5,0,100.00%
pymatgen/electronic_structure/boltztrap.py/get_extreme,5,2,3,40.00%
pymatgen/electronic_structure/boltztrap.py/is_isotropic,5,3,2,60.00%
pymatgen/electronic_structure/boltztrap.py/_format_to_output,5,4,1,80.00%
pymatgen/electronic_structure/boltztrap.py/get_complete_dos,5,5,0,100.00%
pymatgen/electronic_structure/boltztrap.py/get_mu_bounds,5,2,3,40.00%
pymatgen/electronic_structure/boltztrap.py/get_carrier_concentration,5,5,0,100.00%
pymatgen/electronic_structure/boltztrap.py/get_hall_carrier_concentration,5,5,0,100.00%
pymatgen/electronic_structure/boltztrap.py/parse_outputtrans,5,4,1,80.00%
pymatgen/electronic_structure/boltztrap.py/parse_transdos,5,4,1,80.00%
pymatgen/electronic_structure/boltztrap.py/parse_intrans,5,4,1,80.00%
pymatgen/electronic_structure/boltztrap.py/parse_struct,5,2,3,40.00%
pymatgen/electronic_structure/boltztrap.py/parse_cond_and_hall,5,2,3,40.00%
pymatgen/electronic_structure/boltztrap.py/from_files,5,3,2,60.00%
pymatgen/electronic_structure/boltztrap.py/as_dict,10,9,1,90.00%
pymatgen/electronic_structure/boltztrap.py/from_dict,5,4,1,80.00%
pymatgen/electronic_structure/boltztrap.py/_make_float_array,4,4,0,100.00%
pymatgen/electronic_structure/boltztrap.py/_make_float_hall,5,2,3,40.00%
pymatgen/electronic_structure/boltztrap.py/read_cube_file,5,4,1,80.00%
pymatgen/electronic_structure/boltztrap.py/compare_sym_bands,5,4,1,80.00%
pymatgen/electronic_structure/boltztrap.py/seebeck_spb,5,3,2,60.00%
pymatgen/electronic_structure/boltztrap.py/eta_from_seebeck,5,1,4,20.00%
pymatgen/electronic_structure/boltztrap.py/seebeck_eff_mass_from_carr,5,5,0,100.00%
pymatgen/electronic_structure/boltztrap.py/seebeck_eff_mass_from_seebeck_carr,5,4,1,80.00%
pymatgen/electronic_structure/core.py/Spin,5,4,1,80.00%
pymatgen/electronic_structure/core.py/__int__,5,5,0,100.00%
pymatgen/electronic_structure/core.py/__float__,5,5,0,100.00%
pymatgen/electronic_structure/core.py/__str__,5,4,1,80.00%
pymatgen/electronic_structure/core.py/OrbitalType,5,4,1,80.00%
pymatgen/electronic_structure/core.py/__str__,10,9,1,90.00%
pymatgen/electronic_structure/core.py/Orbital,5,4,1,80.00%
pymatgen/electronic_structure/core.py/__int__,10,8,2,80.00%
pymatgen/electronic_structure/core.py/__str__,15,14,1,93.33%
pymatgen/electronic_structure/core.py/orbital_type,4,4,0,100.00%
pymatgen/electronic_structure/core.py/Magmom,5,4,1,80.00%
pymatgen/electronic_structure/core.py/__init__,5,4,1,80.00%
pymatgen/electronic_structure/core.py/__getitem__,5,5,0,100.00%
pymatgen/electronic_structure/core.py/__iter__,4,4,0,100.00%
pymatgen/electronic_structure/core.py/__abs__,5,5,0,100.00%
pymatgen/electronic_structure/core.py/__eq__,5,3,2,60.00%
pymatgen/electronic_structure/core.py/__lt__,3,2,1,66.67%
pymatgen/electronic_structure/core.py/__neg__,4,4,0,100.00%
pymatgen/electronic_structure/core.py/__hash__,5,5,0,100.00%
pymatgen/electronic_structure/core.py/__float__,10,10,0,100.00%
pymatgen/electronic_structure/core.py/__str__,20,18,2,90.00%
pymatgen/electronic_structure/core.py/__repr__,4,4,0,100.00%
pymatgen/electronic_structure/core.py/from_global_moment_and_saxis,5,4,1,80.00%
pymatgen/electronic_structure/core.py/get_moment,5,2,3,40.00%
pymatgen/electronic_structure/core.py/get_transformation_matrix,5,3,2,60.00%
pymatgen/electronic_structure/core.py/get_transformation_matrix_inv,5,4,1,80.00%
pymatgen/electronic_structure/core.py/global_moment,4,3,1,75.00%
pymatgen/electronic_structure/core.py/projection,5,4,1,80.00%
pymatgen/electronic_structure/core.py/get_xyz_magmom_with_001_saxis,4,4,0,100.00%
pymatgen/electronic_structure/core.py/get_00t_magmom_with_xyz_saxis,5,3,2,60.00%
pymatgen/electronic_structure/core.py/have_consistent_saxis,5,5,0,100.00%
pymatgen/electronic_structure/core.py/get_consistent_set_and_saxis,5,5,0,100.00%
pymatgen/electronic_structure/core.py/get_suggested_saxis,5,3,2,60.00%
pymatgen/electronic_structure/core.py/are_collinear,5,4,1,80.00%
pymatgen/electronic_structure/core.py/from_moment_relative_to_crystal_axes,5,4,1,80.00%
pymatgen/electronic_structure/core.py/get_moment_relative_to_crystal_axes,4,3,1,75.00%
pymatgen/electronic_structure/plotter.py/DosPlotter,5,4,1,80.00%
pymatgen/electronic_structure/plotter.py/__init__,5,5,0,100.00%
pymatgen/electronic_structure/plotter.py/add_dos,5,5,0,100.00%
pymatgen/electronic_structure/plotter.py/add_dos_dict,4,4,0,100.00%
pymatgen/electronic_structure/plotter.py/get_dos_dict,4,3,1,75.00%
pymatgen/electronic_structure/plotter.py/get_plot,5,5,0,100.00%
pymatgen/electronic_structure/plotter.py/save_plot,5,4,1,80.00%
pymatgen/electronic_structure/plotter.py/show,5,5,0,100.00%
pymatgen/electronic_structure/plotter.py/BSPlotter,5,5,0,100.00%
pymatgen/electronic_structure/plotter.py/__init__,10,10,0,100.00%
pymatgen/electronic_structure/plotter.py/_check_bs_kpath,5,4,1,80.00%
pymatgen/electronic_structure/plotter.py/add_bs,5,5,0,100.00%
pymatgen/electronic_structure/plotter.py/_make_ticks,5,5,0,100.00%
pymatgen/electronic_structure/plotter.py/_get_branch_steps,5,4,1,80.00%
pymatgen/electronic_structure/plotter.py/_rescale_distances,5,4,1,80.00%
pymatgen/electronic_structure/plotter.py/bs_plot_data,5,3,2,60.00%
pymatgen/electronic_structure/plotter.py/_interpolate_bands,5,4,1,80.00%
pymatgen/electronic_structure/plotter.py/get_plot,10,10,0,100.00%
pymatgen/electronic_structure/plotter.py/fix_layout,4,4,0,100.00%
pymatgen/electronic_structure/plotter.py/show,10,10,0,100.00%
pymatgen/electronic_structure/plotter.py/save_plot,10,8,2,80.00%
pymatgen/electronic_structure/plotter.py/get_ticks,5,3,2,60.00%
pymatgen/electronic_structure/plotter.py/get_ticks_old,5,3,2,60.00%
pymatgen/electronic_structure/plotter.py/plot_compare,5,4,1,80.00%
pymatgen/electronic_structure/plotter.py/plot_brillouin,5,5,0,100.00%
pymatgen/electronic_structure/plotter.py/BSPlotterProjected,5,3,2,60.00%
pymatgen/electronic_structure/plotter.py/__init__,15,12,3,80.00%
pymatgen/electronic_structure/plotter.py/_get_projections_by_branches,5,5,0,100.00%
pymatgen/electronic_structure/plotter.py/get_projected_plots_dots,5,5,0,100.00%
pymatgen/electronic_structure/plotter.py/get_elt_projected_plots,5,5,0,100.00%
pymatgen/electronic_structure/plotter.py/get_elt_projected_plots_color,5,4,1,80.00%
pymatgen/electronic_structure/plotter.py/_get_projections_by_branches_patom_pmorb,5,4,1,80.00%
pymatgen/electronic_structure/plotter.py/get_projected_plots_dots_patom_pmorb,5,5,0,100.00%
pymatgen/electronic_structure/plotter.py/_Orbitals_SumOrbitals,5,3,2,60.00%
pymatgen/electronic_structure/plotter.py/_number_of_subfigures,5,2,3,40.00%
pymatgen/electronic_structure/plotter.py/_summarize_keys_for_plot,5,5,0,100.00%
pymatgen/electronic_structure/plotter.py/number_label,5,3,2,60.00%
pymatgen/electronic_structure/plotter.py/orbital_label,5,3,2,60.00%
pymatgen/electronic_structure/plotter.py/_make_ticks_selected,5,3,2,60.00%
pymatgen/electronic_structure/plotter.py/BSDOSPlotter,5,4,1,80.00%
pymatgen/electronic_structure/plotter.py/__init__,20,17,3,85.00%
pymatgen/electronic_structure/plotter.py/get_plot,15,15,0,100.00%
pymatgen/electronic_structure/plotter.py/_rgbline,5,4,1,80.00%
pymatgen/electronic_structure/plotter.py/_get_colordata,5,3,2,60.00%
pymatgen/electronic_structure/plotter.py/_cmyk_triangle,5,3,2,60.00%
pymatgen/electronic_structure/plotter.py/_rgb_triangle,5,4,1,80.00%
pymatgen/electronic_structure/plotter.py/_rb_line,5,2,3,40.00%
pymatgen/electronic_structure/plotter.py/BoltztrapPlotter,5,4,1,80.00%
pymatgen/electronic_structure/plotter.py/__init__,24,21,3,87.50%
pymatgen/electronic_structure/plotter.py/_plot_doping,5,5,0,100.00%
pymatgen/electronic_structure/plotter.py/_plot_bg_limits,5,3,2,60.00%
pymatgen/electronic_structure/plotter.py/plot_seebeck_eff_mass_mu,5,5,0,100.00%
pymatgen/electronic_structure/plotter.py/plot_complexity_factor_mu,5,5,0,100.00%
pymatgen/electronic_structure/plotter.py/plot_seebeck_mu,5,4,1,80.00%
pymatgen/electronic_structure/plotter.py/plot_conductivity_mu,5,4,1,80.00%
pymatgen/electronic_structure/plotter.py/plot_power_factor_mu,5,2,3,40.00%
pymatgen/electronic_structure/plotter.py/plot_zt_mu,5,5,0,100.00%
pymatgen/electronic_structure/plotter.py/plot_seebeck_temp,5,3,2,60.00%
pymatgen/electronic_structure/plotter.py/plot_conductivity_temp,5,2,3,40.00%
pymatgen/electronic_structure/plotter.py/plot_power_factor_temp,5,0,5,0.00%
pymatgen/electronic_structure/plotter.py/plot_zt_temp,5,4,1,80.00%
pymatgen/electronic_structure/plotter.py/plot_eff_mass_temp,5,4,1,80.00%
pymatgen/electronic_structure/plotter.py/plot_seebeck_dop,5,5,0,100.00%
pymatgen/electronic_structure/plotter.py/plot_conductivity_dop,5,4,1,80.00%
pymatgen/electronic_structure/plotter.py/plot_power_factor_dop,5,3,2,60.00%
pymatgen/electronic_structure/plotter.py/plot_zt_dop,5,4,1,80.00%
pymatgen/electronic_structure/plotter.py/plot_eff_mass_dop,5,4,1,80.00%
pymatgen/electronic_structure/plotter.py/plot_dos,5,4,1,80.00%
pymatgen/electronic_structure/plotter.py/plot_carriers,5,5,0,100.00%
pymatgen/electronic_structure/plotter.py/plot_hall_carriers,5,4,1,80.00%
pymatgen/electronic_structure/plotter.py/CohpPlotter,5,4,1,80.00%
pymatgen/electronic_structure/plotter.py/__init__,29,26,3,89.66%
pymatgen/electronic_structure/plotter.py/add_cohp,4,4,0,100.00%
pymatgen/electronic_structure/plotter.py/add_cohp_dict,5,5,0,100.00%
pymatgen/electronic_structure/plotter.py/get_cohp_dict,5,5,0,100.00%
pymatgen/electronic_structure/plotter.py/get_plot,20,19,1,95.00%
pymatgen/electronic_structure/plotter.py/save_plot,15,12,3,80.00%
pymatgen/electronic_structure/plotter.py/show,15,15,0,100.00%
pymatgen/electronic_structure/plotter.py/plot_fermi_surface,5,4,1,80.00%
pymatgen/electronic_structure/plotter.py/plot_wigner_seitz,5,5,0,100.00%
pymatgen/electronic_structure/plotter.py/plot_lattice_vectors,5,4,1,80.00%
pymatgen/electronic_structure/plotter.py/plot_path,5,3,2,60.00%
pymatgen/electronic_structure/plotter.py/plot_labels,5,5,0,100.00%
pymatgen/electronic_structure/plotter.py/fold_point,5,3,2,60.00%
pymatgen/electronic_structure/plotter.py/plot_points,5,4,1,80.00%
pymatgen/electronic_structure/plotter.py/plot_brillouin_zone_from_kpath,5,4,1,80.00%
pymatgen/electronic_structure/plotter.py/plot_brillouin_zone,5,5,0,100.00%
pymatgen/electronic_structure/plotter.py/plot_ellipsoid,5,4,1,80.00%
pymatgen/electronic_structure/boltztrap2.py/VasprunBSLoader,5,3,2,60.00%
pymatgen/electronic_structure/boltztrap2.py/__init__,5,2,3,40.00%
pymatgen/electronic_structure/boltztrap2.py/from_file,5,5,0,100.00%
pymatgen/electronic_structure/boltztrap2.py/get_lattvec,5,5,0,100.00%
pymatgen/electronic_structure/boltztrap2.py/get_volume,5,5,0,100.00%
pymatgen/electronic_structure/boltztrap2.py/bandana,5,4,1,80.00%
pymatgen/electronic_structure/boltztrap2.py/BandstructureLoader,5,4,1,80.00%
pymatgen/electronic_structure/boltztrap2.py/__init__,10,7,3,70.00%
pymatgen/electronic_structure/boltztrap2.py/get_lattvec,9,8,1,88.89%
pymatgen/electronic_structure/boltztrap2.py/bandana,10,9,1,90.00%
pymatgen/electronic_structure/boltztrap2.py/set_upper_lower_bands,5,5,0,100.00%
pymatgen/electronic_structure/boltztrap2.py/get_volume,10,9,1,90.00%
pymatgen/electronic_structure/boltztrap2.py/VasprunLoader,5,4,1,80.00%
pymatgen/electronic_structure/boltztrap2.py/__init__,15,11,4,73.33%
pymatgen/electronic_structure/boltztrap2.py/from_file,10,9,1,90.00%
pymatgen/electronic_structure/boltztrap2.py/get_lattvec,13,12,1,92.31%
pymatgen/electronic_structure/boltztrap2.py/bandana,15,12,3,80.00%
pymatgen/electronic_structure/boltztrap2.py/get_volume,14,13,1,92.86%
pymatgen/electronic_structure/boltztrap2.py/BztInterpolator,5,4,1,80.00%
pymatgen/electronic_structure/boltztrap2.py/__init__,20,16,4,80.00%
pymatgen/electronic_structure/boltztrap2.py/load,5,4,1,80.00%
pymatgen/electronic_structure/boltztrap2.py/save,5,4,1,80.00%
pymatgen/electronic_structure/boltztrap2.py/get_band_structure,5,5,0,100.00%
pymatgen/electronic_structure/boltztrap2.py/get_dos,5,5,0,100.00%
pymatgen/electronic_structure/boltztrap2.py/get_partial_doses,4,3,1,75.00%
pymatgen/electronic_structure/boltztrap2.py/BztTransportProperties,5,5,0,100.00%
pymatgen/electronic_structure/boltztrap2.py/__init__,25,21,4,84.00%
pymatgen/electronic_structure/boltztrap2.py/compute_properties_doping,5,5,0,100.00%
pymatgen/electronic_structure/boltztrap2.py/save,10,9,1,90.00%
pymatgen/electronic_structure/boltztrap2.py/load,10,8,2,80.00%
pymatgen/electronic_structure/boltztrap2.py/BztPlotter,5,4,1,80.00%
pymatgen/electronic_structure/boltztrap2.py/__init__,29,25,4,86.21%
pymatgen/electronic_structure/boltztrap2.py/plot_props,5,4,1,80.00%
pymatgen/electronic_structure/boltztrap2.py/plot_bands,5,4,1,80.00%
pymatgen/electronic_structure/boltztrap2.py/plot_dos,5,4,1,80.00%
pymatgen/electronic_structure/boltztrap2.py/merge_up_down_doses,5,5,0,100.00%
pymatgen/electronic_structure/bandstructure.py/Kpoint,5,5,0,100.00%
pymatgen/electronic_structure/bandstructure.py/__init__,5,3,2,60.00%
pymatgen/electronic_structure/bandstructure.py/__str__,5,5,0,100.00%
pymatgen/electronic_structure/bandstructure.py/__eq__,5,5,0,100.00%
pymatgen/electronic_structure/bandstructure.py/lattice,4,4,0,100.00%
pymatgen/electronic_structure/bandstructure.py/label,5,5,0,100.00%
pymatgen/electronic_structure/bandstructure.py/label,9,9,0,100.00%
pymatgen/electronic_structure/bandstructure.py/frac_coords,5,5,0,100.00%
pymatgen/electronic_structure/bandstructure.py/cart_coords,5,4,1,80.00%
pymatgen/electronic_structure/bandstructure.py/a,5,5,0,100.00%
pymatgen/electronic_structure/bandstructure.py/b,5,4,1,80.00%
pymatgen/electronic_structure/bandstructure.py/c,5,3,2,60.00%
pymatgen/electronic_structure/bandstructure.py/as_dict,5,5,0,100.00%
pymatgen/electronic_structure/bandstructure.py/from_dict,5,5,0,100.00%
pymatgen/electronic_structure/bandstructure.py/BandStructure,5,5,0,100.00%
pymatgen/electronic_structure/bandstructure.py/__init__,10,8,2,80.00%
pymatgen/electronic_structure/bandstructure.py/get_projection_on_elements,5,5,0,100.00%
pymatgen/electronic_structure/bandstructure.py/get_projections_on_elements_and_orbitals,5,5,0,100.00%
pymatgen/electronic_structure/bandstructure.py/is_metal,5,4,1,80.00%
pymatgen/electronic_structure/bandstructure.py/get_vbm,5,4,1,80.00%
pymatgen/electronic_structure/bandstructure.py/get_cbm,5,5,0,100.00%
pymatgen/electronic_structure/bandstructure.py/get_band_gap,5,1,4,20.00%
pymatgen/electronic_structure/bandstructure.py/get_direct_band_gap_dict,5,5,0,100.00%
pymatgen/electronic_structure/bandstructure.py/get_direct_band_gap,5,3,2,60.00%
pymatgen/electronic_structure/bandstructure.py/get_sym_eq_kpoints,4,4,0,100.00%
pymatgen/electronic_structure/bandstructure.py/get_kpoint_degeneracy,5,3,2,60.00%
pymatgen/electronic_structure/bandstructure.py/as_dict,10,10,0,100.00%
pymatgen/electronic_structure/bandstructure.py/from_dict,10,10,0,100.00%
pymatgen/electronic_structure/bandstructure.py/from_old_dict,5,5,0,100.00%
pymatgen/electronic_structure/bandstructure.py/BandStructureSymmLine,5,5,0,100.00%
pymatgen/electronic_structure/bandstructure.py/__init__,15,13,2,86.67%
pymatgen/electronic_structure/bandstructure.py/get_equivalent_kpoints,4,1,3,25.00%
pymatgen/electronic_structure/bandstructure.py/get_branch,5,4,1,80.00%
pymatgen/electronic_structure/bandstructure.py/apply_scissor,5,4,1,80.00%
pymatgen/electronic_structure/bandstructure.py/as_dict,14,13,1,92.86%
pymatgen/electronic_structure/bandstructure.py/LobsterBandStructureSymmLine,5,5,0,100.00%
pymatgen/electronic_structure/bandstructure.py/as_dict,19,17,2,89.47%
pymatgen/electronic_structure/bandstructure.py/from_dict,15,13,2,86.67%
pymatgen/electronic_structure/bandstructure.py/from_old_dict,10,10,0,100.00%
pymatgen/electronic_structure/bandstructure.py/get_projection_on_elements,10,10,0,100.00%
pymatgen/electronic_structure/bandstructure.py/get_projections_on_elements_and_orbitals,9,8,1,88.89%
pymatgen/electronic_structure/bandstructure.py/get_reconstructed_band_structure,5,5,0,100.00%
pymatgen/electronic_structure/bandstructure.py/get_reconstructed_band_structure,10,10,0,100.00%
pymatgen/electronic_structure/bandstructure.py/get_reconstructed_band_structure,15,14,1,93.33%
pymatgen/command_line/vampire_caller.py/VampireCaller,5,4,1,80.00%
pymatgen/command_line/vampire_caller.py/__init__,5,4,1,80.00%
pymatgen/command_line/vampire_caller.py/_create_mat,5,4,1,80.00%
pymatgen/command_line/vampire_caller.py/_create_input,5,4,1,80.00%
pymatgen/command_line/vampire_caller.py/_create_ucf,5,5,0,100.00%
pymatgen/command_line/vampire_caller.py/parse_stdout,5,3,2,60.00%
pymatgen/command_line/vampire_caller.py/VampireOutput,4,4,0,100.00%
pymatgen/command_line/vampire_caller.py/__init__,10,8,2,80.00%
pymatgen/command_line/bader_caller.py/BaderAnalysis,5,5,0,100.00%
pymatgen/command_line/bader_caller.py/__init__,5,4,1,80.00%
pymatgen/command_line/bader_caller.py/temp_decompress,5,3,2,60.00%
pymatgen/command_line/bader_caller.py/_parse_acf,4,3,1,75.00%
pymatgen/command_line/bader_caller.py/_parse_atomic_densities,5,4,1,80.00%
pymatgen/command_line/bader_caller.py/slice_from_center,5,3,2,60.00%
pymatgen/command_line/bader_caller.py/find_encompassing_vol,5,3,2,60.00%
pymatgen/command_line/bader_caller.py/get_charge,5,5,0,100.00%
pymatgen/command_line/bader_caller.py/get_charge_transfer,5,2,3,40.00%
pymatgen/command_line/bader_caller.py/get_partial_charge,5,5,0,100.00%
pymatgen/command_line/bader_caller.py/get_charge_decorated_structure,4,3,1,75.00%
pymatgen/command_line/bader_caller.py/get_oxidation_state_decorated_structure,4,4,0,100.00%
pymatgen/command_line/bader_caller.py/get_decorated_structure,5,5,0,100.00%
pymatgen/command_line/bader_caller.py/summary,5,4,1,80.00%
pymatgen/command_line/bader_caller.py/from_path,5,4,1,80.00%
pymatgen/command_line/bader_caller.py/_get_filepath,5,3,2,60.00%
pymatgen/command_line/bader_caller.py/bader_analysis_from_path,5,3,2,60.00%
pymatgen/command_line/bader_caller.py/_get_filepath,9,6,3,66.67%
pymatgen/command_line/bader_caller.py/bader_analysis_from_objects,5,3,2,60.00%
pymatgen/command_line/critic2_caller.py/Critic2Caller,5,4,1,80.00%
pymatgen/command_line/critic2_caller.py/__init__,5,5,0,100.00%
pymatgen/command_line/critic2_caller.py/from_chgcar,5,3,2,60.00%
pymatgen/command_line/critic2_caller.py/from_path,5,3,2,60.00%
pymatgen/command_line/critic2_caller.py/CriticalPointType,5,4,1,80.00%
pymatgen/command_line/critic2_caller.py/get_filepath,5,4,1,80.00%
pymatgen/command_line/critic2_caller.py/CriticalPoint,4,4,0,100.00%
pymatgen/command_line/critic2_caller.py/__init__,10,9,1,90.00%
pymatgen/command_line/critic2_caller.py/type,5,4,1,80.00%
pymatgen/command_line/critic2_caller.py/__str__,4,4,0,100.00%
pymatgen/command_line/critic2_caller.py/laplacian,5,5,0,100.00%
pymatgen/command_line/critic2_caller.py/ellipticity,5,3,2,60.00%
pymatgen/command_line/critic2_caller.py/Critic2Analysis,5,5,0,100.00%
pymatgen/command_line/critic2_caller.py/__init__,15,13,2,86.67%
pymatgen/command_line/critic2_caller.py/structure_graph,4,3,1,75.00%
pymatgen/command_line/critic2_caller.py/get_critical_point_for_site,4,4,0,100.00%
pymatgen/command_line/critic2_caller.py/get_volume_and_charge_for_site,4,3,1,75.00%
pymatgen/command_line/critic2_caller.py/_parse_cpreport,5,5,0,100.00%
pymatgen/command_line/critic2_caller.py/get_type,5,2,3,40.00%
pymatgen/command_line/critic2_caller.py/_remap_indices,5,4,1,80.00%
pymatgen/command_line/critic2_caller.py/_annotate_structure_with_yt,5,4,1,80.00%
pymatgen/command_line/critic2_caller.py/get_volume_and_charge,5,4,1,80.00%
pymatgen/command_line/critic2_caller.py/_parse_stdout,5,5,0,100.00%
pymatgen/command_line/critic2_caller.py/_add_node,4,4,0,100.00%
pymatgen/command_line/critic2_caller.py/_add_edge,4,3,1,75.00%
pymatgen/command_line/chargemol_caller.py/ChargemolAnalysis,5,4,1,80.00%
pymatgen/command_line/chargemol_caller.py/__init__,5,3,2,60.00%
pymatgen/command_line/chargemol_caller.py/_get_filepath,5,3,2,60.00%
pymatgen/command_line/chargemol_caller.py/_execute_chargemol,5,4,1,80.00%
pymatgen/command_line/chargemol_caller.py/_from_data_dir,5,4,1,80.00%
pymatgen/command_line/chargemol_caller.py/get_charge_transfer,5,2,3,40.00%
pymatgen/command_line/chargemol_caller.py/get_charge,5,3,2,60.00%
pymatgen/command_line/chargemol_caller.py/get_partial_charge,5,3,2,60.00%
pymatgen/command_line/chargemol_caller.py/get_bond_order,5,5,0,100.00%
pymatgen/command_line/chargemol_caller.py/_write_jobscript_for_chargemol,5,3,2,60.00%
pymatgen/command_line/chargemol_caller.py/_get_dipole_info,4,2,2,50.00%
pymatgen/command_line/chargemol_caller.py/_get_bond_order_info,4,3,1,75.00%
pymatgen/command_line/chargemol_caller.py/get_property_decorated_structure,5,5,0,100.00%
pymatgen/command_line/chargemol_caller.py/summary,4,4,0,100.00%
pymatgen/command_line/chargemol_caller.py/_get_data_from_xyz,5,2,3,40.00%
pymatgen/command_line/chargemol_caller.py/_get_cm5_data_from_output,4,4,0,100.00%
pymatgen/command_line/enumlib_caller.py/EnumlibAdaptor,5,5,0,100.00%
pymatgen/command_line/enumlib_caller.py/__init__,5,4,1,80.00%
pymatgen/command_line/enumlib_caller.py/run,5,4,1,80.00%
pymatgen/command_line/enumlib_caller.py/_gen_input_file,5,5,0,100.00%
pymatgen/command_line/enumlib_caller.py/get_sg_info,4,3,1,75.00%
pymatgen/command_line/enumlib_caller.py/_run_multienum,5,4,1,80.00%
pymatgen/command_line/enumlib_caller.py/_get_structures,5,4,1,80.00%
pymatgen/command_line/enumlib_caller.py/EnumError,4,3,1,75.00%
pymatgen/command_line/gulp_caller.py/GulpIO,5,5,0,100.00%
pymatgen/command_line/gulp_caller.py/keyword_line,5,5,0,100.00%
pymatgen/command_line/gulp_caller.py/structure_lines,5,5,0,100.00%
pymatgen/command_line/gulp_caller.py/specie_potential_lines,5,4,1,80.00%
pymatgen/command_line/gulp_caller.py/library_line,5,3,2,60.00%
pymatgen/command_line/gulp_caller.py/readable,5,4,1,80.00%
pymatgen/command_line/gulp_caller.py/buckingham_input,5,4,1,80.00%
pymatgen/command_line/gulp_caller.py/buckingham_potential,5,3,2,60.00%
pymatgen/command_line/gulp_caller.py/tersoff_input,5,4,1,80.00%
pymatgen/command_line/gulp_caller.py/tersoff_potential,5,2,3,40.00%
pymatgen/command_line/gulp_caller.py/get_energy,5,4,1,80.00%
pymatgen/command_line/gulp_caller.py/get_relaxed_structure,5,5,0,100.00%
pymatgen/command_line/gulp_caller.py/GulpCaller,5,5,0,100.00%
pymatgen/command_line/gulp_caller.py/__init__,5,5,0,100.00%
pymatgen/command_line/gulp_caller.py/is_exe,5,5,0,100.00%
pymatgen/command_line/gulp_caller.py/run,5,4,1,80.00%
pymatgen/command_line/gulp_caller.py/get_energy_tersoff,5,5,0,100.00%
pymatgen/command_line/gulp_caller.py/get_energy_buckingham,5,4,1,80.00%
pymatgen/command_line/gulp_caller.py/get_energy_relax_structure_buckingham,5,5,0,100.00%
pymatgen/command_line/gulp_caller.py/GulpError,5,4,1,80.00%
pymatgen/command_line/gulp_caller.py/__init__,10,10,0,100.00%
pymatgen/command_line/gulp_caller.py/__str__,4,3,1,75.00%
pymatgen/command_line/gulp_caller.py/GulpConvergenceError,5,5,0,100.00%
pymatgen/command_line/gulp_caller.py/__init__,14,14,0,100.00%
pymatgen/command_line/gulp_caller.py/__str__,9,8,1,88.89%
pymatgen/command_line/gulp_caller.py/BuckinghamPotential,5,5,0,100.00%
pymatgen/command_line/gulp_caller.py/__init__,19,19,0,100.00%
pymatgen/command_line/gulp_caller.py/TersoffPotential,4,4,0,100.00%
pymatgen/command_line/gulp_caller.py/__init__,24,23,1,95.83%
pymatgen/command_line/mcsqs_caller.py/Sqs,5,5,0,100.00%
pymatgen/command_line/mcsqs_caller.py/run_mcsqs,5,5,0,100.00%
pymatgen/command_line/mcsqs_caller.py/_parse_sqs_path,5,2,3,40.00%
pymatgen/command_line/mcsqs_caller.py/_parse_clusters,5,4,1,80.00%
pymatgen/apps/borg/queen.py/BorgQueen,5,3,2,60.00%
pymatgen/apps/borg/queen.py/__init__,5,4,1,80.00%
pymatgen/apps/borg/queen.py/parallel_assimilate,5,5,0,100.00%
pymatgen/apps/borg/queen.py/serial_assimilate,5,5,0,100.00%
pymatgen/apps/borg/queen.py/get_data,4,0,4,0.00%
pymatgen/apps/borg/queen.py/save_data,5,4,1,80.00%
pymatgen/apps/borg/queen.py/load_data,4,4,0,100.00%
pymatgen/apps/borg/queen.py/order_assimilation,5,5,0,100.00%
pymatgen/apps/borg/hive.py/AbstractDrone,5,5,0,100.00%
pymatgen/apps/borg/hive.py/assimilate,4,3,1,75.00%
pymatgen/apps/borg/hive.py/get_valid_paths,5,4,1,80.00%
pymatgen/apps/borg/hive.py/VaspToComputedEntryDrone,5,3,2,60.00%
pymatgen/apps/borg/hive.py/__init__,5,3,2,60.00%
pymatgen/apps/borg/hive.py/assimilate,9,8,1,88.89%
pymatgen/apps/borg/hive.py/get_valid_paths,10,7,3,70.00%
pymatgen/apps/borg/hive.py/__str__,4,3,1,75.00%
pymatgen/apps/borg/hive.py/as_dict,5,4,1,80.00%
pymatgen/apps/borg/hive.py/from_dict,4,3,1,75.00%
pymatgen/apps/borg/hive.py/SimpleVaspToComputedEntryDrone,5,4,1,80.00%
pymatgen/apps/borg/hive.py/__init__,9,6,3,66.67%
pymatgen/apps/borg/hive.py/assimilate,14,12,2,85.71%
pymatgen/apps/borg/hive.py/__str__,8,6,2,75.00%
pymatgen/apps/borg/hive.py/as_dict,9,8,1,88.89%
pymatgen/apps/borg/hive.py/from_dict,9,8,1,88.89%
pymatgen/apps/borg/hive.py/GaussianToComputedEntryDrone,5,4,1,80.00%
pymatgen/apps/borg/hive.py/__init__,14,11,3,78.57%
pymatgen/apps/borg/hive.py/assimilate,18,16,2,88.89%
pymatgen/apps/borg/hive.py/get_valid_paths,15,10,5,66.67%
pymatgen/apps/borg/hive.py/__str__,13,8,5,61.54%
pymatgen/apps/borg/hive.py/as_dict,14,13,1,92.86%
pymatgen/apps/borg/hive.py/from_dict,14,13,1,92.86%
pymatgen/apps/borg/hive.py/_get_transformation_history,5,4,1,80.00%
pymatgen/apps/battery/conversion_battery.py/ConversionElectrode,5,5,0,100.00%
pymatgen/apps/battery/conversion_battery.py/initial_comp,5,5,0,100.00%
pymatgen/apps/battery/conversion_battery.py/from_composition_and_pd,5,3,2,60.00%
pymatgen/apps/battery/conversion_battery.py/from_composition_and_entries,5,3,2,60.00%
pymatgen/apps/battery/conversion_battery.py/get_sub_electrodes,4,4,0,100.00%
pymatgen/apps/battery/conversion_battery.py/is_super_electrode,5,5,0,100.00%
pymatgen/apps/battery/conversion_battery.py/__eq__,5,4,1,80.00%
pymatgen/apps/battery/conversion_battery.py/__hash__,5,2,3,40.00%
pymatgen/apps/battery/conversion_battery.py/__repr__,4,3,1,75.00%
pymatgen/apps/battery/conversion_battery.py/get_summary_dict,4,4,0,100.00%
pymatgen/apps/battery/conversion_battery.py/ConversionVoltagePair,5,5,0,100.00%
pymatgen/apps/battery/conversion_battery.py/from_steps,5,4,1,80.00%
pymatgen/apps/battery/conversion_battery.py/__repr__,8,7,1,87.50%
pymatgen/apps/battery/analyzer.py/BatteryAnalyzer,5,4,1,80.00%
pymatgen/apps/battery/analyzer.py/__init__,5,4,1,80.00%
pymatgen/apps/battery/analyzer.py/max_ion_removal,5,5,0,100.00%
pymatgen/apps/battery/analyzer.py/max_ion_insertion,5,2,3,40.00%
pymatgen/apps/battery/analyzer.py/_get_max_cap_ah,5,3,2,60.00%
pymatgen/apps/battery/analyzer.py/get_max_capgrav,5,4,1,80.00%
pymatgen/apps/battery/analyzer.py/get_max_capvol,5,4,1,80.00%
pymatgen/apps/battery/analyzer.py/get_removals_int_oxid,5,5,0,100.00%
pymatgen/apps/battery/analyzer.py/_get_int_removals_helper,5,5,0,100.00%
pymatgen/apps/battery/analyzer.py/is_redox_active_intercalation,5,3,2,60.00%
pymatgen/apps/battery/insertion_battery.py/InsertionElectrode,5,5,0,100.00%
pymatgen/apps/battery/insertion_battery.py/from_entries,5,5,0,100.00%
pymatgen/apps/battery/insertion_battery.py/lifrac,5,4,1,80.00%
pymatgen/apps/battery/insertion_battery.py/get_stable_entries,5,3,2,60.00%
pymatgen/apps/battery/insertion_battery.py/get_unstable_entries,5,3,2,60.00%
pymatgen/apps/battery/insertion_battery.py/get_all_entries,5,2,3,40.00%
pymatgen/apps/battery/insertion_battery.py/fully_charged_entry,4,4,0,100.00%
pymatgen/apps/battery/insertion_battery.py/fully_discharged_entry,5,5,0,100.00%
pymatgen/apps/battery/insertion_battery.py/get_max_instability,5,4,1,80.00%
pymatgen/apps/battery/insertion_battery.py/get_min_instability,5,5,0,100.00%
pymatgen/apps/battery/insertion_battery.py/get_max_muO2,5,4,1,80.00%
pymatgen/apps/battery/insertion_battery.py/get_min_muO2,5,5,0,100.00%
pymatgen/apps/battery/insertion_battery.py/get_sub_electrodes,5,5,0,100.00%
pymatgen/apps/battery/insertion_battery.py/in_range,5,5,0,100.00%
pymatgen/apps/battery/insertion_battery.py/get_summary_dict,5,5,0,100.00%
pymatgen/apps/battery/insertion_battery.py/__repr__,4,4,0,100.00%
pymatgen/apps/battery/insertion_battery.py/from_dict_legacy,4,4,0,100.00%
pymatgen/apps/battery/insertion_battery.py/as_dict_legacy,5,5,0,100.00%
pymatgen/apps/battery/insertion_battery.py/InsertionVoltagePair,5,5,0,100.00%
pymatgen/apps/battery/insertion_battery.py/from_entries,10,10,0,100.00%
pymatgen/apps/battery/insertion_battery.py/__repr__,9,8,1,88.89%
pymatgen/apps/battery/plotter.py/VoltageProfilePlotter,5,3,2,60.00%
pymatgen/apps/battery/plotter.py/__init__,4,3,1,75.00%
pymatgen/apps/battery/plotter.py/add_electrode,5,4,1,80.00%
pymatgen/apps/battery/plotter.py/get_plot_data,5,3,2,60.00%
pymatgen/apps/battery/plotter.py/get_plot,5,4,1,80.00%
pymatgen/apps/battery/plotter.py/get_plotly_figure,5,5,0,100.00%
pymatgen/apps/battery/plotter.py/_choose_best_x_label,5,2,3,40.00%
pymatgen/apps/battery/plotter.py/show,5,5,0,100.00%
pymatgen/apps/battery/plotter.py/save,5,5,0,100.00%
pymatgen/apps/battery/battery_abc.py/AbstractVoltagePair,5,5,0,100.00%
pymatgen/apps/battery/battery_abc.py/__post_init__,5,5,0,100.00%
pymatgen/apps/battery/battery_abc.py/working_ion,5,5,0,100.00%
pymatgen/apps/battery/battery_abc.py/framework,5,2,3,40.00%
pymatgen/apps/battery/battery_abc.py/x_charge,5,4,1,80.00%
pymatgen/apps/battery/battery_abc.py/x_discharge,5,3,2,60.00%
pymatgen/apps/battery/battery_abc.py/AbstractElectrode,5,5,0,100.00%
pymatgen/apps/battery/battery_abc.py/__post_init__,10,10,0,100.00%
pymatgen/apps/battery/battery_abc.py/__getitem__,5,4,1,80.00%
pymatgen/apps/battery/battery_abc.py/__contains__,5,5,0,100.00%
pymatgen/apps/battery/battery_abc.py/__iter__,4,4,0,100.00%
pymatgen/apps/battery/battery_abc.py/__len__,5,5,0,100.00%
pymatgen/apps/battery/battery_abc.py/working_ion,10,9,1,90.00%
pymatgen/apps/battery/battery_abc.py/framework,9,3,6,33.33%
pymatgen/apps/battery/battery_abc.py/x_charge,10,9,1,90.00%
pymatgen/apps/battery/battery_abc.py/x_discharge,10,7,3,70.00%
pymatgen/apps/battery/battery_abc.py/max_delta_volume,5,5,0,100.00%
pymatgen/apps/battery/battery_abc.py/num_steps,5,4,1,80.00%
pymatgen/apps/battery/battery_abc.py/max_voltage,5,5,0,100.00%
pymatgen/apps/battery/battery_abc.py/min_voltage,5,5,0,100.00%
pymatgen/apps/battery/battery_abc.py/max_voltage_step,5,4,1,80.00%
pymatgen/apps/battery/battery_abc.py/normalization_mass,4,3,1,75.00%
pymatgen/apps/battery/battery_abc.py/normalization_volume,5,3,2,60.00%
pymatgen/apps/battery/battery_abc.py/get_sub_electrodes,5,5,0,100.00%
pymatgen/apps/battery/battery_abc.py/get_average_voltage,5,4,1,80.00%
pymatgen/apps/battery/battery_abc.py/get_capacity_grav,5,3,2,60.00%
pymatgen/apps/battery/battery_abc.py/get_capacity_vol,5,5,0,100.00%
pymatgen/apps/battery/battery_abc.py/get_specific_energy,4,4,0,100.00%
pymatgen/apps/battery/battery_abc.py/get_energy_density,5,5,0,100.00%
pymatgen/apps/battery/battery_abc.py/_select_in_voltage_range,5,4,1,80.00%
pymatgen/apps/battery/battery_abc.py/get_summary_dict,5,5,0,100.00%
pymatgen/apps/battery/battery_abc.py/f_dict,5,4,1,80.00%
pymatgen/alchemy/materials.py/TransformedStructure,5,3,2,60.00%
pymatgen/alchemy/materials.py/__init__,5,5,0,100.00%
pymatgen/alchemy/materials.py/undo_last_change,5,5,0,100.00%
pymatgen/alchemy/materials.py/redo_next_change,5,5,0,100.00%
pymatgen/alchemy/materials.py/__getattr__,4,3,1,75.00%
pymatgen/alchemy/materials.py/__len__,5,5,0,100.00%
pymatgen/alchemy/materials.py/append_transformation,5,5,0,100.00%
pymatgen/alchemy/materials.py/append_filter,4,2,2,50.00%
pymatgen/alchemy/materials.py/extend_transformations,5,4,1,80.00%
pymatgen/alchemy/materials.py/get_vasp_input,5,5,0,100.00%
pymatgen/alchemy/materials.py/write_vasp_input,5,5,0,100.00%
pymatgen/alchemy/materials.py/__str__,5,5,0,100.00%
pymatgen/alchemy/materials.py/set_parameter,5,4,1,80.00%
pymatgen/alchemy/materials.py/was_modified,5,4,1,80.00%
pymatgen/alchemy/materials.py/structures,5,4,1,80.00%
pymatgen/alchemy/materials.py/from_cif_str,4,2,2,50.00%
pymatgen/alchemy/materials.py/from_poscar_str,5,5,0,100.00%
pymatgen/alchemy/materials.py/as_dict,5,4,1,80.00%
pymatgen/alchemy/materials.py/from_dict,5,4,1,80.00%
pymatgen/alchemy/materials.py/to_snl,5,1,4,20.00%
pymatgen/alchemy/materials.py/from_snl,5,4,1,80.00%
pymatgen/alchemy/transmuters.py/StandardTransmuter,5,3,2,60.00%
pymatgen/alchemy/transmuters.py/__init__,5,5,0,100.00%
pymatgen/alchemy/transmuters.py/__getitem__,5,5,0,100.00%
pymatgen/alchemy/transmuters.py/__getattr__,4,4,0,100.00%
pymatgen/alchemy/transmuters.py/__len__,5,5,0,100.00%
pymatgen/alchemy/transmuters.py/__str__,5,4,1,80.00%
pymatgen/alchemy/transmuters.py/undo_last_change,5,3,2,60.00%
pymatgen/alchemy/transmuters.py/redo_next_change,5,3,2,60.00%
pymatgen/alchemy/transmuters.py/append_transformation,5,4,1,80.00%
pymatgen/alchemy/transmuters.py/extend_transformations,4,3,1,75.00%
pymatgen/alchemy/transmuters.py/apply_filter,5,5,0,100.00%
pymatgen/alchemy/transmuters.py/write_vasp_input,4,4,0,100.00%
pymatgen/alchemy/transmuters.py/set_parameter,5,3,2,60.00%
pymatgen/alchemy/transmuters.py/add_tags,5,2,3,40.00%
pymatgen/alchemy/transmuters.py/append_transformed_structures,5,4,1,80.00%
pymatgen/alchemy/transmuters.py/from_structures,5,5,0,100.00%
pymatgen/alchemy/transmuters.py/CifTransmuter,5,4,1,80.00%
pymatgen/alchemy/transmuters.py/__init__,10,9,1,90.00%
pymatgen/alchemy/transmuters.py/from_filenames,5,5,0,100.00%
pymatgen/alchemy/transmuters.py/PoscarTransmuter,5,2,3,40.00%
pymatgen/alchemy/transmuters.py/__init__,15,13,2,86.67%
pymatgen/alchemy/transmuters.py/from_filenames,10,9,1,90.00%
pymatgen/alchemy/transmuters.py/batch_write_vasp_input,5,4,1,80.00%
pymatgen/alchemy/transmuters.py/_apply_transformation,5,5,0,100.00%
pymatgen/alchemy/filters.py/AbstractStructureFilter,5,5,0,100.00%
pymatgen/alchemy/filters.py/test,5,5,0,100.00%
pymatgen/alchemy/filters.py/ContainsSpecieFilter,5,4,1,80.00%
pymatgen/alchemy/filters.py/__init__,5,5,0,100.00%
pymatgen/alchemy/filters.py/test,10,10,0,100.00%
pymatgen/alchemy/filters.py/__repr__,3,3,0,100.00%
pymatgen/alchemy/filters.py/as_dict,4,4,0,100.00%
pymatgen/alchemy/filters.py/from_dict,4,3,1,75.00%
pymatgen/alchemy/filters.py/SpecieProximityFilter,5,5,0,100.00%
pymatgen/alchemy/filters.py/__init__,10,9,1,90.00%
pymatgen/alchemy/filters.py/test,15,15,0,100.00%
pymatgen/alchemy/filters.py/as_dict,9,9,0,100.00%
pymatgen/alchemy/filters.py/from_dict,9,7,2,77.78%
pymatgen/alchemy/filters.py/RemoveDuplicatesFilter,5,5,0,100.00%
pymatgen/alchemy/filters.py/__init__,15,12,3,80.00%
pymatgen/alchemy/filters.py/test,20,19,1,95.00%
pymatgen/alchemy/filters.py/get_spg_num,5,5,0,100.00%
pymatgen/alchemy/filters.py/RemoveExistingFilter,5,5,0,100.00%
pymatgen/alchemy/filters.py/__init__,19,15,4,78.95%
pymatgen/alchemy/filters.py/test,25,24,1,96.00%
pymatgen/alchemy/filters.py/get_sg,5,5,0,100.00%
pymatgen/alchemy/filters.py/as_dict,14,14,0,100.00%
pymatgen/alchemy/filters.py/ChargeBalanceFilter,5,5,0,100.00%
pymatgen/alchemy/filters.py/__init__,23,18,5,78.26%
pymatgen/alchemy/filters.py/test,30,28,2,93.33%
pymatgen/alchemy/filters.py/SpeciesMaxDistFilter,5,4,1,80.00%
pymatgen/alchemy/filters.py/__init__,27,22,5,81.48%
pymatgen/alchemy/filters.py/test,35,31,4,88.57%
Overall,34604,28380,6224,82.01%
